name: dftrain
channels:
  - anaconda
  - pytorch
  - conda-forge
  - defaults
dependencies:
  - _libgcc_mutex=0.1=main
  - astroid=2.4.2=py36_0
  - blas=1.0=mkl
  - bzip2=1.0.8=h516909a_2
  - ca-certificates=2020.6.24=0
  - cairo=1.14.12=h80bd089_1005
  - certifi=2020.6.20=py36_0
  - cffi=1.14.0=py36h2e261b9_0
  - cudatoolkit=10.0.130=0
  - ffmpeg=4.0.2=ha0c5888_2
  - fontconfig=2.13.1=he4413a7_1000
  - freeglut=3.0.0=hf484d3e_1005
  - freetype=2.10.2=h5ab3b9f_0
  - gettext=0.19.8.1=hc5be6a0_1002
  - glib=2.56.2=had28632_1001
  - gmp=6.1.2=hf484d3e_1000
  - gnutls=3.5.19=h2a4e5f8_1
  - graphite2=1.3.13=he1b5a44_1001
  - harfbuzz=1.9.0=he243708_1001
  - hdf5=1.10.2=hc401514_3
  - icu=58.2=hf484d3e_1000
  - intel-openmp=2020.1=217
  - isort=4.3.21=py36_0
  - jasper=2.0.14=h07fcdf6_1
  - jpeg=9b=h024ee3a_2
  - lazy-object-proxy=1.4.3=py36h7b6447c_0
  - lcms2=2.11=h396b838_0
  - libedit=3.1.20191231=h14c3975_1
  - libffi=3.2.1=hd88cf55_4
  - libgcc-ng=9.1.0=hdf63c60_0
  - libgfortran=3.0.0=1
  - libgfortran-ng=7.3.0=hdf63c60_0
  - libglu=9.0.0=he1b5a44_1001
  - libiconv=1.15=h516909a_1006
  - libopencv=3.4.2=hb342d67_1
  - libpng=1.6.37=hbc83047_0
  - libstdcxx-ng=9.1.0=hdf63c60_0
  - libtiff=4.1.0=h2733197_1
  - libuuid=2.32.1=h14c3975_1000
  - libxcb=1.13=h14c3975_1002
  - libxml2=2.9.9=h13577e0_2
  - lz4-c=1.9.2=he6710b0_0
  - mccabe=0.6.1=py36_1
  - mkl=2020.1=217
  - mkl-service=2.3.0=py36he904b0f_0
  - mkl_fft=1.1.0=py36h23d657b_0
  - mkl_random=1.1.1=py36h0573a6f_0
  - ncurses=6.2=he6710b0_1
  - nettle=3.3=0
  - ninja=1.9.0=py36hfd86e86_0
  - numpy=1.18.5=py36ha1c710e_0
  - numpy-base=1.18.5=py36hde5b4d6_0
  - olefile=0.46=py36_0
  - opencv=3.4.2=py36h6fd60c2_1
  - openh264=1.8.0=hdbcaa40_1000
  - openssl=1.0.2u=h7b6447c_0
  - pcre=8.44=he1b5a44_0
  - pillow=7.2.0=py36hb39fc2d_0
  - pip=20.1.1=py36_1
  - pixman=0.34.0=h14c3975_1003
  - pthread-stubs=0.4=h14c3975_1001
  - py-opencv=3.4.2=py36hb342d67_1
  - pycparser=2.20=py_2
  - pylint=2.5.3=py36_0
  - python=3.6.5=hc3d631a_2
  - python_abi=3.6=1_cp36m
  - pytorch=1.0.1=py3.6_cuda10.0.130_cudnn7.4.2_2
  - pyyaml=5.3.1=py36h7b6447c_1
  - readline=7.0=h7b6447c_5
  - scipy=1.1.0=py36hfa4b5c9_1
  - setuptools=49.2.0=py36_0
  - six=1.15.0=py_0
  - sqlite=3.32.3=h62c20be_0
  - tk=8.6.10=hbc83047_0
  - toml=0.10.1=py_0
  - torchvision=0.2.2=py_3
  - typed-ast=1.4.1=py36h7b6447c_0
  - wheel=0.34.2=py36_0
  - wrapt=1.11.2=py36h7b6447c_0
  - x264=1!152.20180806=h14c3975_0
  - xorg-fixesproto=5.0=h14c3975_1002
  - xorg-inputproto=2.3.2=h14c3975_1002
  - xorg-kbproto=1.0.7=h14c3975_1002
  - xorg-libice=1.0.10=h516909a_0
  - xorg-libsm=1.2.3=h84519dc_1000
  - xorg-libx11=1.6.9=h516909a_0
  - xorg-libxau=1.0.9=h14c3975_0
  - xorg-libxdmcp=1.1.3=h516909a_0
  - xorg-libxext=1.3.4=h516909a_0
  - xorg-libxfixes=5.0.3=h516909a_1004
  - xorg-libxi=1.7.10=h516909a_0
  - xorg-libxrender=0.9.10=h516909a_1002
  - xorg-renderproto=0.11.1=h14c3975_1002
  - xorg-xextproto=7.3.0=h14c3975_1002
  - xorg-xproto=7.0.31=h14c3975_1007
  - xz=5.2.5=h7b6447c_0
  - yaml=0.2.5=h7b6447c_0
  - zlib=1.2.11=h7b6447c_3
  - zstd=1.4.5=h0b5b093_0
  - pip:
prefix: /home/ash/anaconda3/envs/dftrain

