0:
- cam_R_m2c: [0.8619206671871538, 0.48389260621805175, -0.15146190650838126, -0.49985193243588943,
    0.7607698530593732, -0.41397738623761465, -0.08509294398338266, 0.4325241916049572,
    0.8975979136343397]
  cam_t_m2c: [0.0, 0.0009999999747378752, 1163.9759826660156]
  obj_bb: [300, 217, 44, 61]
  obj_id: 1
1:
- cam_R_m2c: [0.8092732033139585, 0.3865585191963058, -0.4423227256593585, -0.5798407404306629,
    0.6463224604661462, -0.4960362817716137, 0.0941360618189723, 0.6579056074648904,
    0.7471938259457638]
  cam_t_m2c: [0.003000000142492354, 0.0, 1941.5559387207031]
  obj_bb: [309, 229, 24, 37]
  obj_id: 1
2:
- cam_R_m2c: [0.45468069763326047, 0.293943100996815, 0.8407513999846253, -0.7452623894484116,
    0.6424550034009682, 0.17842516492553884, -0.4876980972624102, -0.7077068757483128,
    0.5111766269550931]
  cam_t_m2c: [0.0009999999747378752, 0.0, 983.0149841308594]
  obj_bb: [289, 207, 75, 68]
  obj_id: 1
3:
- cam_R_m2c: [0.7084680693098435, 0.5398836757298534, -0.45453119964289057, -0.7041041423054505,
    0.49684582296888663, -0.507327887057942, -0.04806611651349435, 0.6794629091266075,
    0.7321337333879097]
  cam_t_m2c: [0.0009999999747378752, 0.0019999999494757503, 1611.0749816894531]
  obj_bb: [305, 224, 34, 44]
  obj_id: 1
4:
- cam_R_m2c: [-0.7774083736260486, 0.5250034335366706, -0.34642115320922384, 0.627097457729127,
    0.6041582111223991, -0.49167228358231496, -0.048836452837687755, -0.5994699748178295,
    -0.7989059707913961]
  cam_t_m2c: [0.0, 0.0009999999747378752, 1537.89794921875]
  obj_bb: [296, 228, 43, 42]
  obj_id: 1
5:
- cam_R_m2c: [0.5433602874512533, 0.17364646227878455, -0.8213443274041369, -0.7998684061765707,
    0.404143593196541, -0.44370991523600334, 0.2548923906699526, 0.8980617251705205,
    0.3584898979919863]
  cam_t_m2c: [0.0, 0.0, 507.4720001220703]
  obj_bb: [289, 168, 76, 147]
  obj_id: 1
6:
- cam_R_m2c: [0.3137507967499146, 0.12644145718179378, -0.9410488804756841, -0.9382972761937534,
    0.1931189622266707, -0.2868854961755247, 0.14546016302127918, 0.9729941543165808,
    0.17923090313778073]
  cam_t_m2c: [0.0009999999747378752, 0.0009999999747378752, 1846.1380004882812]
  obj_bb: [312, 223, 19, 42]
  obj_id: 1
7:
- cam_R_m2c: [0.8365795870505804, 0.5400646023064508, -0.09200445568479748, -0.5268788247746425,
    0.7471203927471334, -0.40522811198812564, -0.15011095407854885, 0.38748076607354925,
    0.9095742726070716]
  cam_t_m2c: [-0.0009999999747378752, 0.0, 732.5180053710938]
  obj_bb: [286, 200, 76, 95]
  obj_id: 1
8:
- cam_R_m2c: [0.8213662003245962, 0.548368878445299, 0.15700043986237627, -0.4952467004972601,
    0.8221594960939541, -0.28068571148013965, -0.2829987113237654, 0.1527918065053879,
    0.9468718990728935]
  cam_t_m2c: [0.0, 0.0009999999747378752, 839.1719818115234]
  obj_bb: [287, 209, 73, 77]
  obj_id: 1
9:
- cam_R_m2c: [0.7923277026397405, 0.55985891047055, -0.2424351707082954, -0.6008218139436641,
    0.6470109824165194, -0.4694570656853043, -0.10597150333498513, 0.5176241773711306,
    0.8490201714222013]
  cam_t_m2c: [0.0, 0.0009999999747378752, 1805.2110290527344]
  obj_bb: [305, 229, 33, 35]
  obj_id: 1
10:
- cam_R_m2c: [0.33756980012082116, 0.3637443029054526, 0.8681801150396242, -0.8206487991195395,
    0.5654954715264624, 0.08216094076093411, -0.46106634940108854, -0.7402060211771384,
    0.4894005186583511]
  cam_t_m2c: [-0.0009999999747378752, 0.0, 1490.4960632324219]
  obj_bb: [300, 219, 48, 46]
  obj_id: 1
11:
- cam_R_m2c: [0.916762797037554, -0.3984822799936514, -0.027529011949963975, 0.3327885745615706,
    0.7238729744120636, 0.6043671744536674, -0.22090210186677262, -0.5632226819357447,
    0.7962301626690291]
  cam_t_m2c: [0.0, 0.0009999999747378752, 1790.0920104980469]
  obj_bb: [302, 236, 43, 26]
  obj_id: 1
12:
- cam_R_m2c: [0.8259856558650055, 0.5317787851020179, -0.18697331365913875, -0.5540210395821394,
    0.7046809152723549, -0.4432668444077921, -0.10396337819435389, 0.469719204808935,
    0.8766729633267355]
  cam_t_m2c: [0.0009999999747378752, 0.0, 519.3899917602539]
  obj_bb: [265, 187, 125, 116]
  obj_id: 1
13:
- cam_R_m2c: [0.09057686412180813, 0.31739598486651327, 0.9439574251397549, -0.9452259176261391,
    0.32587084393833066, -0.018872141339654758, -0.3135981446591852, -0.8905436439959227,
    0.3295272701989632]
  cam_t_m2c: [-0.0009999999747378752, 0.0, 1611.4950561523438]
  obj_bb: [301, 221, 46, 42]
  obj_id: 1
14:
- cam_R_m2c: [0.33673942628787945, -0.407129326560004, 0.8490301939496072, -0.9256171893331648,
    -0.3085483743260078, 0.21915911916174075, 0.17274078150304323, -0.8596764578349088,
    -0.48074630549817277]
  cam_t_m2c: [-0.0009999999747378752, -0.0009999999747378752, 1679.2649841308594]
  obj_bb: [301, 222, 46, 39]
  obj_id: 1
15:
- cam_R_m2c: [0.14575223780830596, 0.1409270811571589, -0.9792322722267657, -0.9892678892618599,
    0.010493080739026467, -0.14573585191018934, -0.010262964934919072, 0.9899643695876775,
    0.14094402611539372]
  cam_t_m2c: [0.0009999999747378752, 0.0009999999747378752, 1782.2340393066406]
  obj_bb: [312, 222, 20, 43]
  obj_id: 1
16:
- cam_R_m2c: [0.9749485157001783, 0.004801495043460967, -0.2223788150417369, 0.04969749834857886,
    -0.9791952647762623, 0.1967404180580062, -0.216807634533271, -0.20286344935718134,
    -0.954903592266253]
  cam_t_m2c: [0.0009999999747378752, -0.0009999999747378752, 1080.4029846191406]
  obj_bb: [301, 208, 34, 67]
  obj_id: 1
17:
- cam_R_m2c: [-0.31901948676218217, 0.5175706265231915, -0.7939440872167165, 0.9321635876609448,
    0.020060081145144154, -0.3614811737608567, -0.17116545476547046, -0.855405307269508,
    -0.4888600488791125]
  cam_t_m2c: [0.0009999999747378752, 0.0009999999747378752, 724.5010375976562]
  obj_bb: [277, 203, 75, 107]
  obj_id: 1
18:
- cam_R_m2c: [0.7840362918301403, -0.5060669779263753, 0.3594207937024629, -0.5406202931689705,
    -0.27222828525797255, 0.7960034292133421, -0.30498654348534654, -0.818405751786954,
    -0.4870269332746306]
  cam_t_m2c: [0.0009999999747378752, 0.0, 554.3669891357422]
  obj_bb: [265, 179, 128, 128]
  obj_id: 1
19:
- cam_R_m2c: [0.39722782665685546, -0.054177360706415933, -0.9161194612693029, -0.8166728815823503,
    0.43450498507108753, -0.37980366301071133, 0.41863523289070065, 0.8990385039225297,
    0.12835228960672246]
  cam_t_m2c: [0.0009999999747378752, 0.0009999999747378752, 1510.2400207519531]
  obj_bb: [309, 221, 25, 49]
  obj_id: 1
20:
- cam_R_m2c: [0.8301026277799153, -0.1328889827827532, -0.541544223132188, -0.13303614809740408,
    0.8959428010171344, -0.42377810302678165, 0.5415080891845342, 0.4238242743880264,
    0.7260454350708212]
  cam_t_m2c: [0.0009999999747378752, 0.0, 1270.0019836425781]
  obj_bb: [305, 215, 33, 57]
  obj_id: 1
21:
- cam_R_m2c: [0.8079365826338086, 0.5529431362107498, 0.20369675146998067, -0.5007088145292837,
    0.8264492665000568, -0.25743405554471077, -0.31069142488115464, 0.10599763213835556,
    0.9445820983304625]
  cam_t_m2c: [0.0009999999747378752, 0.0009999999747378752, 1040.093002319336]
  obj_bb: [295, 210, 55, 69]
  obj_id: 1
22:
- cam_R_m2c: [-0.6867870920120194, 0.42635205633834333, -0.5886827790089837, 0.7241856744392052,
    0.47075943212636995, -0.5039252583479924, 0.06227840061134504, -0.7724049981195898,
    -0.6320695528952245]
  cam_t_m2c: [0.0, 0.0, 673.7449645996094]
  obj_bb: [257, 194, 107, 100]
  obj_id: 1
23:
- cam_R_m2c: [0.9222816055788735, -0.33181450582768995, 0.19823161638139686, 0.110599795721126,
    0.7179741826549658, 0.6872268608162657, -0.37035702396106995, -0.6118923163133034,
    0.6988729985050502]
  cam_t_m2c: [-0.0009999999747378752, 0.0009999999747378752, 822.5319671630859]
  obj_bb: [281, 222, 94, 56]
  obj_id: 1
24:
- cam_R_m2c: [0.8613578281870057, 0.4978599284279443, 0.10098605590222508, -0.4542227527929183,
    0.8438203702383421, -0.2857426702752866, -0.2274739164523893, 0.20025652158306828,
    0.9529705886842794]
  cam_t_m2c: [0.0009999999747378752, 0.0009999999747378752, 1890.9809875488281]
  obj_bb: [305, 232, 35, 31]
  obj_id: 1
25:
- cam_R_m2c: [0.5232649868267792, 0.42598225323423333, -0.7380602099359209, -0.8521375785380662,
    0.26911740256170674, -0.4488177479575881, 0.007436451065615413, 0.8637794530827447,
    0.5038151998775175]
  cam_t_m2c: [0.0, 0.0019999999494757503, 1708.3760070800781]
  obj_bb: [308, 223, 28, 44]
  obj_id: 1
26:
- cam_R_m2c: [-0.9561899628031664, -0.021657759719044538, -0.2919446805105918, 0.06359932898734227,
    0.9580727461430248, -0.27937741220492907, 0.2857549306430935, -0.2857053631661737,
    -0.914722124511726]
  cam_t_m2c: [-0.0009999999747378752, 0.0009999999747378752, 1730.3750610351562]
  obj_bb: [293, 230, 44, 28]
  obj_id: 1
27:
- cam_R_m2c: [-0.26669803864060376, -0.46178487900330456, -0.8459473279756597, -0.8326528431214633,
    0.5524170903172037, -0.03904614151511476, 0.48534667921703023, 0.6939669184113735,
    -0.5318350469117499]
  cam_t_m2c: [0.0009999999747378752, 0.0, 1504.0829467773438]
  obj_bb: [299, 223, 40, 47]
  obj_id: 1
28:
- cam_R_m2c: [-0.5613321764947838, -0.5041141933915927, -0.6563345699052987, -0.7939039037714444,
    0.5519744429961575, 0.25503098999051743, 0.23371516683367072, 0.6642236779129649,
    -0.7100592415367071]
  cam_t_m2c: [-0.0009999999747378752, 0.0009999999747378752, 723.4619903564453]
  obj_bb: [271, 198, 91, 91]
  obj_id: 1
29:
- cam_R_m2c: [-0.030283612004761873, 0.02321194923565406, 0.9992717889826707, -0.999509090972612,
    0.007328214783520359, -0.030461029713226284, -0.008029938172146811, -0.9997037074457454,
    0.02297862946703927]
  cam_t_m2c: [0.0009999999747378752, 0.0, 709.5089721679688]
  obj_bb: [278, 186, 108, 94]
  obj_id: 1
30:
- cam_R_m2c: [0.4759805166938363, -0.10090017002665069, 0.8736485010669117, -0.7887677399246096,
    0.3903721655506665, 0.47482104504487455, -0.3889575814688439, -0.9151113200326374,
    0.106222745991768]
  cam_t_m2c: [-0.0009999999747378752, -0.0009999999747378752, 1765.3050231933594]
  obj_bb: [303, 226, 44, 34]
  obj_id: 1
31:
- cam_R_m2c: [-0.013396873313178681, 0.5663350386981263, -0.8240662277561324, 0.9310037310154273,
    -0.29357852311110505, -0.2168956053110705, -0.3647637271176836, -0.770114455591306,
    -0.5233269997511326]
  cam_t_m2c: [0.0, 0.0, 967.7799987792969]
  obj_bb: [286, 206, 61, 78]
  obj_id: 1
32:
- cam_R_m2c: [0.6399574920466864, 0.5393897948257965, -0.5472778614297314, -0.7666392151634026,
    0.3998576676254187, -0.5023725305137635, -0.052141366945615664, 0.7410617348635303,
    0.6694092791215978]
  cam_t_m2c: [0.0009999999747378752, 0.0009999999747378752, 1799.6980285644531]
  obj_bb: [306, 226, 31, 39]
  obj_id: 1
33:
- cam_R_m2c: [-0.6128769408175184, 0.3641971986217517, -0.7012433642682319, 0.7837113737808893,
    0.3934732600484284, -0.4805988724844583, 0.10088774960633667, -0.8441203670940121,
    -0.5265761747709813]
  cam_t_m2c: [-0.0009999999747378752, 0.0009999999747378752, 1748.7680053710938]
  obj_bb: [295, 226, 42, 38]
  obj_id: 1
34:
- cam_R_m2c: [0.40712060186955545, -0.3515698135395365, 0.8430014719685526, -0.9109337255646364,
    -0.08886003668428025, 0.402869261062941, -0.0667275292686812, -0.9319348475554736,
    -0.35643355166068946]
  cam_t_m2c: [-0.0009999999747378752, 0.0, 519.0539932250977]
  obj_bb: [258, 164, 152, 131]
  obj_id: 1
35:
- cam_R_m2c: [0.5437613953167488, -0.31745260863856184, -0.776883122632841, 0.7821795225560539,
    -0.14380475512457663, 0.6062304734154688, -0.30416893243256315, -0.9373067980507407,
    0.17010945555936102]
  cam_t_m2c: [-0.0009999999747378752, -0.0009999999747378752, 1186.5010070800781]
  obj_bb: [299, 221, 43, 64]
  obj_id: 1
36:
- cam_R_m2c: [0.6985441773485457, -0.46370437303464535, 0.544990171215032, -0.6433499863925285,
    -0.07355862065926008, 0.7620301334825549, -0.3132679800126035, -0.8829311319436265,
    -0.34970814823731156]
  cam_t_m2c: [0.0009999999747378752, 0.0, 1691.6630554199219]
  obj_bb: [302, 226, 43, 39]
  obj_id: 1
37:
- cam_R_m2c: [-0.3604017601437842, -0.20365684040282972, -0.9102936134250301, 0.7156949432876616,
    0.5654953011563729, -0.4098729224070963, 0.5982401854086139, -0.7992114587061419,
    -0.05804933104754864]
  cam_t_m2c: [0.0009999999747378752, 0.0, 608.4439849853516]
  obj_bb: [245, 175, 126, 112]
  obj_id: 1
38:
- cam_R_m2c: [0.9258009612257551, 0.3079321872038515, -0.21924951146426927, -0.37234099591305114,
    0.8429391858082514, -0.3883499862126944, 0.06522854402748743, 0.441170371979777,
    0.8950496857333003]
  cam_t_m2c: [-0.0009999999747378752, 0.0, 1662.218017578125]
  obj_bb: [309, 224, 25, 44]
  obj_id: 1
39:
- cam_R_m2c: [-0.3085250637532616, 0.4772527086967247, -0.8228257027327748, 0.939317272539596,
    0.01646544592227886, -0.3426542726996916, -0.14998448768062644, -0.8786118261964263,
    -0.45337171539803867]
  cam_t_m2c: [0.0, 0.0, 952.1040344238281]
  obj_bb: [277, 204, 73, 75]
  obj_id: 1
40:
- cam_R_m2c: [0.9511754275043581, 0.10621579963914357, 0.2897990856074577, -0.1536150014364046,
    0.977284681621171, 0.14600370681013414, -0.2677083066428734, -0.18339262519420868,
    0.945885515048614]
  cam_t_m2c: [0.0, 0.0009999999747378752, 854.4779968261719]
  obj_bb: [284, 228, 90, 41]
  obj_id: 1
41:
- cam_R_m2c: [0.841525350352752, -0.154836788656251, -0.5175525611880375, -0.07464250744082233,
    0.9155288196724631, -0.395266336072392, 0.535036055604316, 0.3712580628454631,
    0.7588833045835239]
  cam_t_m2c: [0.0009999999747378752, 0.0, 1051.1759948730469]
  obj_bb: [301, 207, 41, 69]
  obj_id: 1
42:
- cam_R_m2c: [0.8326788983883453, 0.484918094902727, 0.2673953877962028, -0.45138227436507644,
    0.8740856659383245, -0.17952239690402677, -0.32078013430975233, 0.028786973391898688,
    0.9467161219685402]
  cam_t_m2c: [-0.0009999999747378752, 0.0, 1424.6380615234375]
  obj_bb: [304, 217, 36, 51]
  obj_id: 1
43:
- cam_R_m2c: [0.8702345553708843, -0.4036530572230277, -0.2824110975739846, 0.06346011390258757,
    -0.47663480222978993, 0.8768078918707564, -0.4885331437905827, -0.7809503663472298,
    -0.38916820620422965]
  cam_t_m2c: [-0.0009999999747378752, 0.0, 1441.7500305175781]
  obj_bb: [301, 226, 40, 50]
  obj_id: 1
44:
- cam_R_m2c: [0.8737295908253611, 0.40396496807009097, -0.27094078077741973, -0.4857871457644176,
    0.7529241993729217, -0.443977475789826, 0.024646523613036375, 0.5195358068225667,
    0.8540931414681988]
  cam_t_m2c: [0.0, 0.0, 861.8789672851562]
  obj_bb: [295, 205, 55, 84]
  obj_id: 1
45:
- cam_R_m2c: [0.8490695630589772, -0.5017395793458531, -0.16534289100134944, 0.1786593179659468,
    -0.021821053516199326, 0.9836689939849614, -0.4971536233306365, -0.8647434510542937,
    0.07111285866796523]
  cam_t_m2c: [-0.0009999999747378752, 0.0, 1580.5909729003906]
  obj_bb: [301, 229, 42, 42]
  obj_id: 1
46:
- cam_R_m2c: [0.9310716288836473, -0.3639823290302633, 0.024949670171312915, 0.28361086642789735,
    0.76510574494383, 0.5780813744603476, -0.22950054102761827, -0.5311591693717171,
    0.815597595913805]
  cam_t_m2c: [0.0009999999747378752, 0.0, 605.0920104980469]
  obj_bb: [267, 214, 126, 76]
  obj_id: 1
47:
- cam_R_m2c: [-0.5780669490323348, -0.4116374560311423, -0.7045517775356596, -0.1472297683747482,
    0.9018778390647536, -0.4061277615581189, 0.802597033224498, -0.13103804102664104,
    -0.5819510581338728]
  cam_t_m2c: [-0.0009999999747378752, 0.0, 1928.2170104980469]
  obj_bb: [298, 228, 39, 35]
  obj_id: 1
48:
- cam_R_m2c: [0.9024747078711096, 0.4005804986076899, -0.15834982092875885, -0.4299033917689045,
    0.8147041786857717, -0.3891531510569254, -0.02687890248033334, 0.4192760014204926,
    0.907460830688739]
  cam_t_m2c: [0.0009999999747378752, 0.0, 1394.8910522460938]
  obj_bb: [305, 220, 34, 52]
  obj_id: 1
49:
- cam_R_m2c: [0.6031866422480278, 0.349715791752092, -0.7168435949443626, -0.7898636203607138,
    0.3867833484889768, -0.47593497724197686, 0.11082118860676443, 0.8532862979861228,
    0.5095303306231355]
  cam_t_m2c: [0.0019999999494757503, 0.0, 1624.3589782714844]
  obj_bb: [308, 222, 27, 47]
  obj_id: 1
50:
- cam_R_m2c: [0.28154309441340003, -0.3487999940777644, -0.8939083007330668, -0.5562910305342441,
    0.6997293464841516, -0.44824003727468514, 0.7818399934355342, 0.6234720569522054,
    0.002969657305156445]
  cam_t_m2c: [-0.0009999999747378752, 0.0009999999747378752, 1376.2030029296875]
  obj_bb: [301, 222, 38, 51]
  obj_id: 1
51:
- cam_R_m2c: [0.9490252200592434, -0.01369666282260456, 0.31490241840771815, -0.08635924248405635,
    0.9495276286798972, 0.30156154199617746, -0.30313893337723163, -0.3133842430644148,
    0.8999428333343508]
  cam_t_m2c: [0.0, 0.0, 851.8849945068359]
  obj_bb: [285, 229, 89, 38]
  obj_id: 1
52:
- cam_R_m2c: [0.7209593611823656, -0.2991109388955647, -0.6251001885750235, 0.0240779351949566,
    0.9123177493941118, -0.4087744820524036, 0.6925589163098426, 0.2796586676172886,
    0.6649459956013422]
  cam_t_m2c: [-0.0009999999747378752, 0.0, 800.8879852294922]
  obj_bb: [290, 194, 62, 90]
  obj_id: 1
53:
- cam_R_m2c: [0.8335446935501392, -0.5061168663027553, 0.22147000135070877, -0.3271844627726508,
    -0.129236851557503, 0.9360812804023353, -0.44514443855289926, -0.8527271274231767,
    -0.27331826682832827]
  cam_t_m2c: [0.0009999999747378752, 0.0, 1536.3650512695312]
  obj_bb: [300, 226, 46, 44]
  obj_id: 1
54:
- cam_R_m2c: [0.7619029511878929, 0.5634168366629952, -0.3194766988934295, -0.6416834843455386,
    0.5895937068191958, -0.49053192230207526, -0.08801249280271628, 0.5787406405669676,
    0.8107484641162065]
  cam_t_m2c: [0.0, 0.0009999999747378752, 1632.4180603027344]
  obj_bb: [304, 226, 36, 41]
  obj_id: 1
55:
- cam_R_m2c: [0.260636649758628, 0.4786627574422607, -0.8384214342682147, 0.8498594520609614,
    -0.5257797348058416, -0.03598030308574146, -0.45804743045370444, -0.7031625950697824,
    -0.5438335373526428]
  cam_t_m2c: [-0.0009999999747378752, 0.0, 1745.35400390625]
  obj_bb: [303, 228, 30, 43]
  obj_id: 1
56:
- cam_R_m2c: [0.6584608986415638, 0.42558198868382524, -0.6207328055355742, -0.7504117394812562,
    0.4343128258979404, -0.49825153337371764, 0.057545340461759964, 0.7938843367698256,
    0.6053397340524364]
  cam_t_m2c: [0.0, -0.0009999999747378752, 1360.4640197753906]
  obj_bb: [304, 218, 36, 55]
  obj_id: 1
57:
- cam_R_m2c: [0.8939059804925757, 0.4423902827662549, 0.07226988137252693, -0.4087883235975459,
    0.8706868208139578, -0.27348960958542895, -0.183913578970978, 0.2149309139581259,
    0.9591561383295265]
  cam_t_m2c: [0.0, 0.0009999999747378752, 1218.405990600586]
  obj_bb: [296, 225, 57, 43]
  obj_id: 1
58:
- cam_R_m2c: [0.059063420002961, 0.07152981142231152, -0.9956882034529898, -0.997911671703194,
    -0.02189738470880437, -0.06076841302396929, -0.026149720765065942, 0.997198069904271,
    0.07008709926303053]
  cam_t_m2c: [0.0009999999747378752, 0.0050000002374872565, 866.77001953125]
  obj_bb: [305, 194, 40, 88]
  obj_id: 1
59:
- cam_R_m2c: [0.8352198450069853, 0.5243271221728373, 0.1657977064390758, -0.47507726192491717,
    0.8398259735147945, -0.26266695531004897, -0.27696462898433616, 0.1406179332940085,
    0.9505352129867103]
  cam_t_m2c: [0.0019999999494757503, 0.0, 1324.0109252929688]
  obj_bb: [302, 217, 40, 55]
  obj_id: 1
60:
- cam_R_m2c: [-0.9683644659417728, 0.16529886866638807, -0.18693995056947282, 0.21700175302851463,
    0.927699495251315, -0.30378262901786646, 0.12320917288845135, -0.3347386002959135,
    -0.9342213705477284]
  cam_t_m2c: [0.0009999999747378752, 0.0009999999747378752, 1538.9579772949219]
  obj_bb: [290, 229, 50, 32]
  obj_id: 1
61:
- cam_R_m2c: [0.8364380708584415, -0.5073935246789307, -0.20717906441650952, 0.33055361536674266,
    0.16552308084569878, 0.9291589837456902, -0.43715633472086896, -0.8456677366562115,
    0.30617057042141727]
  cam_t_m2c: [0.0, 0.0, 677.3100280761719]
  obj_bb: [275, 206, 101, 92]
  obj_id: 1
62:
- cam_R_m2c: [0.8644172872635908, 0.19674577413765293, -0.46268115786017305, -0.42889871896672993,
    0.7687565073382582, -0.4744041750383113, 0.26235213425576076, 0.6085265259494104,
    0.7489104251293268]
  cam_t_m2c: [0.0, -0.0009999999747378752, 1327.8019714355469]
  obj_bb: [308, 220, 28, 54]
  obj_id: 1
63:
- cam_R_m2c: [0.13325741355382614, 0.4871964647982712, -0.863065505289727, 0.9038600488781594,
    -0.41696072872361734, -0.09581629686145132, -0.4065457831227822, -0.7673221979001632,
    -0.4959205287490596]
  cam_t_m2c: [0.0, 0.0, 901.0929870605469]
  obj_bb: [287, 211, 58, 86]
  obj_id: 1
64:
- cam_R_m2c: [-0.9746820418212878, 0.2136416442580807, -0.06597094201077618, 0.22332435337383005,
    0.9446872088437506, -0.24019223683783986, 0.011006840656890626, -0.2488439777967471,
    -0.9684810396559378]
  cam_t_m2c: [0.0009999999747378752, -0.0009999999747378752, 1706.9059753417969]
  obj_bb: [294, 233, 44, 27]
  obj_id: 1
65:
- cam_R_m2c: [0.8578547970748316, -0.4352401611737561, 0.2732236249615725, -0.10605674529791817,
    0.3702823991241275, 0.9228450095631945, -0.5028291100488432, -0.8206442268122788,
    0.27148837744398036]
  cam_t_m2c: [0.0, 0.0, 1087.7189636230469]
  obj_bb: [291, 223, 69, 52]
  obj_id: 1
66:
- cam_R_m2c: [0.7814396117702213, 0.5418900329327141, -0.3093660055089899, -0.6198046411444704,
    0.616825714920428, -0.4851476519871837, -0.07207176959240409, 0.5708600788468968,
    0.8178780045989344]
  cam_t_m2c: [0.0009999999747378752, -0.0009999999747378752, 1371.5950012207031]
  obj_bb: [302, 221, 41, 52]
  obj_id: 1
67:
- cam_R_m2c: [0.8404567924882058, 0.3560421492837925, -0.4084928002961794, -0.5301195331962725,
    0.696433524085792, -0.48368753038838064, 0.11227493257269316, 0.6230684829638088,
    0.774067183810924]
  cam_t_m2c: [-0.0009999999747378752, 0.0009999999747378752, 1769.5779418945312]
  obj_bb: [309, 228, 25, 40]
  obj_id: 1
68:
- cam_R_m2c: [0.586951612498167, 0.04710839982722148, 0.8082503345198938, -0.642855563756354,
    0.6339800360496962, 0.4298907280204195, -0.49216311191850004, -0.7719132804636443,
    0.40239950137960345]
  cam_t_m2c: [0.0, 0.0009999999747378752, 1547.4530029296875]
  obj_bb: [301, 225, 49, 37]
  obj_id: 1
69:
- cam_R_m2c: [0.7490381371293775, 0.042446940365925834, -0.6611657329137097, 0.4346729523717747,
    -0.7846229802747009, 0.4420703601252304, -0.500001293600483, -0.6185184201609663,
    -0.6061630723818678]
  cam_t_m2c: [0.0, 0.0, 1399.2030334472656]
  obj_bb: [306, 224, 24, 54]
  obj_id: 1
70:
- cam_R_m2c: [0.8022222887016575, -0.21766004165421815, -0.5559348035312757, -0.023866848998015666,
    0.9187381734331825, -0.39414533131265755, 0.5965482151755883, 0.3294605817753357,
    0.7318373808620853]
  cam_t_m2c: [0.0, 0.0, 1063.3679962158203]
  obj_bb: [300, 208, 43, 67]
  obj_id: 1
71:
- cam_R_m2c: [0.8537510519684371, -0.5073624032307009, 0.11701509753341655, -0.18058279832479746,
    -0.07773823488927684, 0.980482850327065, -0.48836358813078273, -0.8582191786625767,
    -0.1579900223550837]
  cam_t_m2c: [0.0, 0.0, 1194.9019622802734]
  obj_bb: [295, 222, 58, 55]
  obj_id: 1
72:
- cam_R_m2c: [0.48178674738394545, 0.5002521145027833, -0.719464628721032, 0.7143514251231374,
    -0.6997393968659584, -0.008174221565819262, -0.5075269169903611, -0.5100123512319664,
    -0.6944809789483801]
  cam_t_m2c: [0.0, 0.0, 1229.833984375]
  obj_bb: [296, 214, 43, 60]
  obj_id: 1
73:
- cam_R_m2c: [0.7236705580945697, -0.387645914347132, 0.5709917411285997, -0.5252790930198372,
    0.2272598301729735, 0.8200212460820807, -0.4476413718406188, -0.8933552567034725,
    -0.03916104616735421]
  cam_t_m2c: [0.0, 0.0009999999747378752, 1687.6640319824219]
  obj_bb: [301, 228, 46, 36]
  obj_id: 1
74:
- cam_R_m2c: [0.9229271048765061, -0.35710536197904835, -0.143810011925748, -0.16545005922418837,
    -0.7052300557043522, 0.6894032538608655, -0.3476087412407569, -0.6124755741881053,
    -0.7099590368718237]
  cam_t_m2c: [-0.0009999999747378752, 0.0, 893.9759826660156]
  obj_bb: [291, 206, 61, 84]
  obj_id: 1
75:
- cam_R_m2c: [0.9221283599368721, 0.25606058843976537, 0.29002114207073815, -0.26942212493300227,
    0.9630009345960051, 0.006396761978224627, -0.2776526722304683, -0.08403674800408124,
    0.9569988602857259]
  cam_t_m2c: [0.0, 0.0, 806.1499786376953]
  obj_bb: [282, 221, 93, 54]
  obj_id: 1
76:
- cam_R_m2c: [0.955438977181249, -0.2884702089321706, 0.06262027979399545, 0.22902256159583326,
    0.8582474333839556, 0.4593038312162608, -0.18623916656528297, -0.42449532582642463,
    0.8860692361145297]
  cam_t_m2c: [0.0009999999747378752, 0.0, 1175.4060363769531]
  obj_bb: [293, 233, 66, 35]
  obj_id: 1
77:
- cam_R_m2c: [0.6422156505006291, 0.053156571787595475, -0.7646786495828454, 0.57676248511989,
    -0.6905870485239702, 0.4363880889406587, -0.5048802769076867, -0.7212932186612749,
    -0.4741645270397983]
  cam_t_m2c: [0.0009999999747378752, 0.0, 1993.9939880371094]
  obj_bb: [310, 233, 17, 37]
  obj_id: 1
78:
- cam_R_m2c: [-0.8347875941173503, 0.03301864487328343, -0.5495811512401952, 0.3457622851004397,
    0.8082483894923048, -0.4766371608311904, 0.4284601672383194, -0.5879152234581342,
    -0.6861323306158106]
  cam_t_m2c: [0.0, 0.0, 1920.89599609375]
  obj_bb: [296, 229, 40, 29]
  obj_id: 1
79:
- cam_R_m2c: [-0.1494837065642586, 0.5357841258531323, -0.8310174438335254, 0.9488699073969012,
    -0.15859547896426532, -0.272934741080523, -0.2780297111972163, -0.8293267417223993,
    -0.48468199384307875]
  cam_t_m2c: [0.0009999999747378752, 0.0, 1039.0039825439453]
  obj_bb: [284, 207, 63, 71]
  obj_id: 1
80:
- cam_R_m2c: [-0.5185351792676469, 0.5661711233474882, -0.6407585558923986, 0.8479003662772502,
    0.24372444526819054, -0.47081138861078664, -0.11039128918883812, -0.7874316820309909,
    -0.6064364017809865]
  cam_t_m2c: [0.0, 0.0019999999494757503, 1404.6879577636719]
  obj_bb: [297, 225, 42, 52]
  obj_id: 1
81:
- cam_R_m2c: [0.8558440444309321, 0.5130802173649681, -0.06541912687296593, -0.49638170415247196,
    0.7791944586479156, -0.3827024946287509, -0.14538285798123507, 0.36000650849824695,
    0.9215525695499467]
  cam_t_m2c: [0.0009999999747378752, 0.0019999999494757503, 1812.10205078125]
  obj_bb: [304, 231, 37, 31]
  obj_id: 1
82:
- cam_R_m2c: [0.11520702515529371, 0.36786704750289145, 0.9227140275927169, -0.928963878515091,
    0.3688640633018827, -0.0310711315954878, -0.3517860909261009, -0.8535883891934861,
    0.3842309306458851]
  cam_t_m2c: [-0.0009999999747378752, -0.0009999999747378752, 1959.346923828125]
  obj_bb: [305, 225, 36, 35]
  obj_id: 1
83:
- cam_R_m2c: [-0.15332780540601126, -0.507564098417165, -0.8478615866327164, -0.2475136426691247,
    0.8503826401015064, -0.46431278477622495, 0.956675274469889, 0.13866524947499503,
    -0.25601634284943636]
  cam_t_m2c: [0.0, 0.0, 710.7859802246094]
  obj_bb: [269, 192, 94, 101]
  obj_id: 1
84:
- cam_R_m2c: [0.9341959660758987, 0.32785228825496965, 0.1406796860015654, -0.3055670635345982,
    0.9388352807979932, -0.15879888290474994, -0.18413762964250838, 0.10536219727650871,
    0.9772369931263883]
  cam_t_m2c: [0.0009999999747378752, 0.0, 502.32601165771484]
  obj_bb: [258, 201, 148, 93]
  obj_id: 1
85:
- cam_R_m2c: [0.9300224702856836, 0.05981901434701337, 0.36260155858223586, -0.16088515659590633,
    0.953363602200612, 0.2553699441715569, -0.3304151496993222, -0.29583699484957116,
    0.8962735638897029]
  cam_t_m2c: [0.0, 0.0009999999747378752, 1865.8839416503906]
  obj_bb: [304, 238, 41, 20]
  obj_id: 1
86:
- cam_R_m2c: [0.8181273242922288, -0.5062735123084509, -0.2726807877011196, 0.4134150207260839,
    0.188243114260703, 0.8908717924434938, -0.3996945107009725, -0.8415768893382806,
    0.36330790997061074]
  cam_t_m2c: [0.0, 0.0009999999747378752, 874.1470336914062]
  obj_bb: [285, 215, 78, 72]
  obj_id: 1
87:
- cam_R_m2c: [0.327082552763487, -0.30514232006651637, 0.894374176831009, -0.9445292554853497,
    -0.07582891437171736, 0.31955353429041883, -0.029689883967639774, -0.94928296110782,
    -0.31301816327548426]
  cam_t_m2c: [-0.0009999999747378752, 0.0, 989.1089630126953]
  obj_bb: [288, 205, 79, 66]
  obj_id: 1
88:
- cam_R_m2c: [0.6160434689827818, -0.40000931696145153, 0.6785889703404361, -0.728698068427982,
    0.03776129995016249, 0.6837932504020507, -0.2991480726880723, -0.9157328379883003,
    -0.2682234144084088]
  cam_t_m2c: [-0.0009999999747378752, 0.0, 597.8559875488281]
  obj_bb: [267, 182, 129, 111]
  obj_id: 1
89:
- cam_R_m2c: [-0.4986194635913473, -0.17563259105423973, -0.8488414595714864, 0.584961398562647,
    0.654483740000223, -0.47903151907463537, 0.6396864800193212, -0.7353939264332382,
    -0.22360004527190042]
  cam_t_m2c: [0.0, 0.0, 561.8429946899414]
  obj_bb: [238, 170, 137, 120]
  obj_id: 1
90:
- cam_R_m2c: [0.8984910098792896, -0.38386122168741493, 0.21298936041675887, -0.4344293484188753,
    -0.847257540731087, 0.30565634445674766, 0.06312722390891379, -0.36715830667296073,
    -0.9280138638202547]
  cam_t_m2c: [-0.0009999999747378752, 0.0, 1438.9089965820312]
  obj_bb: [302, 218, 39, 49]
  obj_id: 1
91:
- cam_R_m2c: [0.7896611078557481, -0.4978975132945637, 0.3585155519571258, -0.6087281217603945,
    -0.562725577491253, 0.5592763165155469, -0.07671641622296518, -0.659877254261901,
    -0.7474467210374791]
  cam_t_m2c: [0.0, 0.0, 718.2070159912109]
  obj_bb: [279, 190, 94, 101]
  obj_id: 1
92:
- cam_R_m2c: [0.32660098961387907, -0.21670077482858063, -0.9199850910595931, -0.7360813979527829,
    0.5522606821974453, -0.3913978979078572, 0.59288782174296, 0.8050148527123617,
    0.02085947605724866]
  cam_t_m2c: [0.0009999999747378752, 0.0009999999747378752, 1192.8890228271484]
  obj_bb: [302, 217, 38, 60]
  obj_id: 1
93:
- cam_R_m2c: [0.38530949859643726, 0.5430354892684098, 0.7460891687234049, -0.775185310879062,
    0.6291066557490114, -0.057554752102911194, -0.5006239347940674, -0.5561809715257385,
    0.6633539046572287]
  cam_t_m2c: [0.0019999999494757503, 0.0, 1478.5159301757812]
  obj_bb: [301, 218, 42, 47]
  obj_id: 1
94:
- cam_R_m2c: [0.6602068091172828, -0.4984627541811233, 0.5618379231498571, -0.6773450621272665,
    -0.7183651994231341, 0.1586036161932329, 0.3245468163562619, -0.48526933032279085,
    -0.8119008812909891]
  cam_t_m2c: [0.0, 0.0, 1992.2419738769531]
  obj_bb: [305, 226, 34, 33]
  obj_id: 1
95:
- cam_R_m2c: [-0.24063898168313833, -0.49507836054376686, -0.834859447701108, -0.10457518786226608,
    0.8683522728701968, -0.484797236259383, 0.9649647198618583, -0.02935552967432664,
    -0.2607323192461297]
  cam_t_m2c: [0.0, 0.0009999999747378752, 1732.7360534667969]
  obj_bb: [297, 225, 41, 40]
  obj_id: 1
96:
- cam_R_m2c: [0.4686705295318785, -0.12713508501964915, 0.8741765296010608, -0.8023733143667175,
    0.3526845849394984, 0.4814671826181113, -0.36951995770252605, -0.9270653988274503,
    0.06328307164181521]
  cam_t_m2c: [0.0009999999747378752, -0.0009999999747378752, 1903.6019897460938]
  obj_bb: [304, 228, 41, 31]
  obj_id: 1
97:
- cam_R_m2c: [0.6741679224812541, -0.21576846192433882, -0.7063579709581497, -0.2513080571367598,
    0.832295489036112, -0.49409359371305933, 0.6945083676353051, 0.5106155009093867,
    0.5068825677764027]
  cam_t_m2c: [-0.0009999999747378752, -0.0009999999747378752, 1816.6969299316406]
  obj_bb: [308, 226, 25, 39]
  obj_id: 1
98:
- cam_R_m2c: [0.5342849525104827, 0.23687508097867976, -0.8114368647850648, 0.6815270996251872,
    -0.6885842227425278, 0.24773489997686945, -0.5000603983493913, -0.6853772422552511,
    -0.5293369756603401]
  cam_t_m2c: [0.0, 0.0009999999747378752, 1397.6029968261719]
  obj_bb: [304, 226, 28, 53]
  obj_id: 1
99:
- cam_R_m2c: [0.721311452204476, -0.506731063837266, 0.4721582551020611, -0.6925779826767686,
    -0.5343452263232106, 0.4845729222903141, 0.006747357263979403, -0.6765344100989616,
    -0.7363801091297909]
  cam_t_m2c: [-0.0009999999747378752, 0.0, 1802.0590209960938]
  obj_bb: [304, 225, 37, 39]
  obj_id: 1
100:
- cam_R_m2c: [0.8320034744282583, 0.3709083726706759, -0.41254963049565085, -0.5455315862618805,
    0.6821465797735375, -0.48689971461673864, 0.10082413862713388, 0.630161108595299,
    0.7698905573417827]
  cam_t_m2c: [0.0009999999747378752, 0.0, 1693.3200073242188]
  obj_bb: [308, 227, 27, 42]
  obj_id: 1
101:
- cam_R_m2c: [0.23145080907150098, -0.5067011267275061, -0.8304724505684838, 0.46435674164351803,
    0.8076708728338221, -0.36337388137573456, 0.8548703641315226, -0.3015323023308234,
    0.42222616117515765]
  cam_t_m2c: [-0.0009999999747378752, 0.0, 1679.1169738769531]
  obj_bb: [297, 222, 41, 41]
  obj_id: 1
102:
- cam_R_m2c: [0.7534166581713286, 0.47961409561227775, -0.44981513811783225, -0.6574725043921664,
    0.5595311806780441, -0.504633296381964, 0.009656353257849942, 0.6759402171339202,
    0.736893192873098]
  cam_t_m2c: [-0.0009999999747378752, -0.0009999999747378752, 528.734016418457]
  obj_bb: [277, 176, 98, 137]
  obj_id: 1
103:
- cam_R_m2c: [0.7861546025703936, 0.4743129500592381, -0.396217322013423, -0.6179959628458144,
    0.6100258400061613, -0.4959329233183168, 0.006475396795617261, 0.6347406556467604,
    0.772698110069812]
  cam_t_m2c: [-0.0009999999747378752, 0.0009999999747378752, 1294.613037109375]
  obj_bb: [302, 219, 40, 56]
  obj_id: 1
104:
- cam_R_m2c: [0.8335019579198666, -0.3535588462029099, -0.42458288756780493, 0.22279274173527563,
    -0.4881397428694616, 0.8438500966767818, -0.505606448113379, -0.7979446933860782,
    -0.3280950867098895]
  cam_t_m2c: [0.0, 0.0, 812.8230285644531]
  obj_bb: [288, 211, 67, 89]
  obj_id: 1
105:
- cam_R_m2c: [-0.1552684979261159, -0.2831592701878378, -0.946420900687669, -0.972936014114921,
    0.20979952836172316, 0.09684869817074848, 0.17113505190327893, 0.9358445306811861,
    -0.30807110933057713]
  cam_t_m2c: [0.0, 0.0009999999747378752, 1500.5419921875]
  obj_bb: [304, 219, 33, 50]
  obj_id: 1
106:
- cam_R_m2c: [-0.8042957317349771, -0.44984544928545134, -0.3882620863155053, -0.5561915513837077,
    0.7999087747862631, 0.22538169887842385, 0.20918731816791125, 0.39722163055038995,
    -0.8935634516589223]
  cam_t_m2c: [0.0, 0.0009999999747378752, 1814.9749755859375]
  obj_bb: [297, 230, 41, 32]
  obj_id: 1
107:
- cam_R_m2c: [0.8648259879789448, 0.48744210106137265, -0.12031711694150639, -0.49153447291213115,
    0.7731655918539653, -0.4007603142928461, -0.10232239469067843, 0.40572794540921375,
    0.9082482930668149]
  cam_t_m2c: [0.0, 0.0009999999747378752, 1480.4719543457031]
  obj_bb: [304, 223, 35, 48]
  obj_id: 1
108:
- cam_R_m2c: [-0.03012644948327509, -0.4909254913463013, -0.8706805148778303, -0.40466908592248424,
    0.8024864227355536, -0.4384728865320577, 0.9139668089926418, 0.3391278568202358,
    -0.22283843651471108]
  cam_t_m2c: [0.0009999999747378752, 0.0, 892.4919891357422]
  obj_bb: [283, 205, 71, 80]
  obj_id: 1
109:
- cam_R_m2c: [0.820653163699651, 0.5661845829923995, 0.07722307227426872, -0.5142000123252013,
    0.7906403818621781, -0.3323945455232266, -0.24925234649751454, 0.23307253066492467,
    0.9399736502769271]
  cam_t_m2c: [0.0, 0.0009999999747378752, 1154.7049713134766]
  obj_bb: [297, 218, 51, 59]
  obj_id: 1
110:
- cam_R_m2c: [0.8522308071544801, 0.5206971342553703, 0.050765595781671, -0.47884865061371057,
    0.8154427512324461, -0.32520315076562106, -0.21072878574663612, 0.2528391066285111,
    0.9442805541877078]
  cam_t_m2c: [0.0, 0.0009999999747378752, 1492.3039245605469]
  obj_bb: [301, 227, 44, 40]
  obj_id: 1
111:
- cam_R_m2c: [0.8916821505962106, 0.45238557952631947, 0.015818651799430775, -0.4253492009156668,
    0.8493229386825759, -0.31261574353828697, -0.15485799814190826, 0.2720254276060023,
    0.9497479492724642]
  cam_t_m2c: [0.0009999999747378752, 0.0009999999747378752, 1334.2070007324219]
  obj_bb: [298, 227, 52, 40]
  obj_id: 1
112:
- cam_R_m2c: [0.29372321277051583, 0.22478631284720663, 0.9290843814403105, -0.8678622096893037,
    0.4701220725530437, 0.1606250973280013, -0.4006767516002963, -0.853496543903365,
    0.3331693117201013]
  cam_t_m2c: [0.0, 0.0, 1119.0499877929688]
  obj_bb: [293, 210, 66, 60]
  obj_id: 1
113:
- cam_R_m2c: [0.7546448443938096, 0.3807402542800189, 0.5343669316121926, -0.4790156676061048,
    0.8762566266396348, 0.05213745734120194, -0.44839173611666944, -0.2953153958751804,
    0.8436430927479729]
  cam_t_m2c: [-0.0009999999747378752, 0.0, 1551.3020324707031]
  obj_bb: [301, 227, 46, 39]
  obj_id: 1
114:
- cam_R_m2c: [0.8241677386572488, 0.5597810051639119, 0.08598118872333027, -0.5079753771409591,
    0.7977842085528102, -0.324809748625663, -0.25041676216878306, 0.2240213892498804,
    0.941862974313916]
  cam_t_m2c: [0.0009999999747378752, 0.0009999999747378752, 1747.1650695800781]
  obj_bb: [304, 228, 35, 38]
  obj_id: 1
115:
- cam_R_m2c: [0.7941291898400552, 0.508723362958294, 0.33250469143213823, -0.48502958862564877,
    0.8601731465135137, -0.15763393091170166, -0.36620367010942356, -0.03609290785521541,
    0.9298344874228657]
  cam_t_m2c: [0.0009999999747378752, -0.0009999999747378752, 1807.8959655761719]
  obj_bb: [304, 230, 37, 35]
  obj_id: 1
116:
- cam_R_m2c: [0.8113085313912336, 0.5279667119255238, -0.25105700147646015, -0.5794237220447465,
    0.6690603587721837, -0.4654313984374602, -0.07775999757981512, 0.5230768465705476,
    0.8487308144271654]
  cam_t_m2c: [-0.0009999999747378752, 0.0009999999747378752, 1103.5160064697266]
  obj_bb: [298, 214, 49, 65]
  obj_id: 1
117:
- cam_R_m2c: [0.927132945333734, 0.08138888486265228, 0.3657873030841968, -0.17634085606346356,
    0.9560539009773459, 0.23423245058873635, -0.3306484600895655, -0.28166786797008625,
    0.9007412547416632]
  cam_t_m2c: [0.0, 0.0, 643.2929992675781]
  obj_bb: [273, 217, 119, 60]
  obj_id: 1
118:
- cam_R_m2c: [0.37189372619039357, -0.4877149619639388, -0.7898285714613885, 0.24600384590392574,
    0.8722150870298083, -0.42275637163508384, 0.8950850039078421, -0.03708042386620311,
    0.4443510751030097]
  cam_t_m2c: [0.0, 0.0, 712.6730346679688]
  obj_bb: [274, 187, 88, 100]
  obj_id: 1
119:
- cam_R_m2c: [0.9694547229483846, 0.15233713333403742, 0.1922262676135561, -0.15892522946364684,
    0.9871031406200131, 0.01923957426851351, -0.18681625088037168, -0.04920149983155142,
    0.9811620155822013]
  cam_t_m2c: [0.0, 0.003000000142492354, 1707.4229431152344]
  obj_bb: [302, 238, 45, 21]
  obj_id: 1
120:
- cam_R_m2c: [0.7206999969774521, 0.565975582306061, 0.40032880809406673, -0.5522417681687797,
    0.817794001842213, -0.16199382716856564, -0.4190710486856864, -0.10432933808001625,
    0.901939490968915]
  cam_t_m2c: [-0.0009999999747378752, 0.0009999999747378752, 1578.7710571289062]
  obj_bb: [303, 222, 37, 45]
  obj_id: 1
121:
- cam_R_m2c: [0.8696031526749404, 0.41490050949310686, -0.26767129857376304, -0.4935178796784747,
    0.7470522794823757, -0.44536838028518483, 0.0151808858590943, 0.519394319320636,
    0.8543998371734316]
  cam_t_m2c: [0.003000000142492354, 0.0, 1773.4710693359375]
  obj_bb: [308, 228, 27, 40]
  obj_id: 1
122:
- cam_R_m2c: [0.5566940626001424, -0.01046136429929162, -0.8306517203514038, -0.688956946351927,
    0.5528685824816177, -0.468694630413231, 0.4641444244404723, 0.8332027906588916,
    0.30057122766335864]
  cam_t_m2c: [-0.0009999999747378752, 0.0, 1742.5289916992188]
  obj_bb: [311, 226, 21, 42]
  obj_id: 1
123:
- cam_R_m2c: [0.4347005631839494, -0.4315802759891797, 0.7904263948937058, -0.8972457988237436,
    -0.28294975250739396, 0.33895340985030187, 0.07736534663981898, -0.8565500002528211,
    -0.5102320062542066]
  cam_t_m2c: [-0.0009999999747378752, 0.0, 850.5840301513672]
  obj_bb: [283, 197, 90, 79]
  obj_id: 1
124:
- cam_R_m2c: [0.2797411794137255, -0.2752625702671181, -0.9197692047193997, -0.7051999450764979,
    0.5911804120410542, -0.3914061290821508, 0.6514889945381439, 0.7581136048303768,
    -0.028737643723330555]
  cam_t_m2c: [0.0, 0.0009999999747378752, 731.3719940185547]
  obj_bb: [288, 199, 67, 96]
  obj_id: 1
125:
- cam_R_m2c: [0.8070030068355709, 0.5584034272314854, -0.19217637579702437, -0.5778797614191976,
    0.6796682278605086, -0.45178101042324403, -0.12165988780382417, 0.4756434720387608,
    0.8711843428382273]
  cam_t_m2c: [0.0009999999747378752, 0.0009999999747378752, 1916.2350463867188]
