0:
- cam_R_m2c: [0.27246159880468435, -0.7374884586457954, 0.6179607192540997, -0.9537634125736828,
    -0.12231632389354737, 0.27454338408523327, -0.12688589367064534, -0.6641908538013888,
    -0.7367160102196666]
  cam_t_m2c: [0.0, 0.0, 1466.6700744628906]
  obj_bb: [301, 221, 42, 48]
  obj_id: 1
- cam_R_m2c: [0.1446553565567038, 0.5152241434085857, -0.8447596758062866, 0.9284578925994079,
    -0.3658561119971877, -0.06415019083500884, -0.3421122176849575, -0.775044119623645,
    -0.531286968734873]
  cam_t_m2c: [118.90700340270996, 18.1850004196167, 1112.3670196533203]
  obj_bb: [364, 230, 37, 70]
  obj_id: 1
- cam_R_m2c: [0.967620576742485, 0.23300367667572544, -0.0970551704966546, 0.24935553532251867,
    -0.8227913197888914, 0.5107213144994777, 0.03914379220975948, -0.5183856968856763,
    -0.8542505679224282]
  cam_t_m2c: [-118.90600204467773, -312.0280075073242, 1297.8520202636719]
  obj_bb: [241, 74, 54, 54]
  obj_id: 1
1:
- cam_R_m2c: [-0.4991547231554473, 0.3019737018977647, 0.812192369893838, -0.8024387591719351,
    0.19264102424825824, -0.5647844487547329, -0.3270116207877243, -0.9336494626671952,
    0.14615772552637696]
  cam_t_m2c: [0.0, 0.0, 1286.2449645996094]
  obj_bb: [307, 211, 30, 61]
  obj_id: 1
- cam_R_m2c: [0.8930195909592141, -0.21929144590937902, -0.3929723551523836, 0.16944551522226034,
    -0.6451181023581604, 0.7450576161484882, -0.4168983419661201, -0.7319384508008709,
    -0.53894515185232]
  cam_t_m2c: [214.93200302124023, -148.75900268554688, 1018.5240173339844]
  obj_bb: [422, 123, 58, 75]
  obj_id: 1
- cam_R_m2c: [0.6814929639442919, -0.08643618226012362, 0.7267022268375943, -0.666724007291109,
    -0.4827557841266948, 0.5678256343226369, 0.3017390233233165, -0.871478995322615,
    -0.3866237479971663]
  cam_t_m2c: [-214.9329948425293, -242.30899810791016, 1098.9219665527344]
  obj_bb: [172, 77, 74, 60]
  obj_id: 1
2:
- cam_R_m2c: [0.6391885157880628, -0.6226483251314197, 0.45138354477726794, -0.14882100351414337,
    -0.6759864761953529, -0.7217302771216081, 0.7545133200929571, 0.39414635252914354,
    -0.5247459409945685]
  cam_t_m2c: [0.0, 0.0, 1475.5940246582031]
  obj_bb: [299, 223, 49, 48]
  obj_id: 1
- cam_R_m2c: [0.01015537373715747, 0.6417789884116927, -0.7668224034400165, 0.9442460173406313,
    -0.25852983100849347, -0.2038670773201906, -0.32908407302787446, -0.7219986540929177,
    -0.6086227208767352]
  cam_t_m2c: [13.335000276565552, -196.91099166870117, 1157.7130126953125]
  obj_bb: [298, 106, 52, 59]
  obj_id: 1
- cam_R_m2c: [0.6172350309349298, 0.7611404731275144, 0.19921369620078844, 0.7827432877931007,
    -0.6196710438132472, -0.057625887188382685, 0.07958556402767931, 0.19150189979899518,
    -0.9782602723057764]
  cam_t_m2c: [-13.336000442504883, -361.0559844970703, 1572.8579711914062]
  obj_bb: [300, 80, 32, 43]
  obj_id: 1
3:
- cam_R_m2c: [0.48275426620517947, -0.7947511573135253, 0.36785719567450414, -0.852847255050345,
    -0.33119434376580936, 0.4036853554572252, -0.19899718091920324, -0.5086068271330485,
    -0.8376868253588945]
  cam_t_m2c: [0.0, 0.0009999999747378752, 992.4330139160156]
  obj_bb: [291, 212, 66, 66]
  obj_id: 1
- cam_R_m2c: [-0.1089113018177863, 0.6162062120284131, -0.7800180976066828, 0.9590085271286501,
    -0.14137847199522002, -0.24559066055294754, -0.26161225741713884, -0.7747916054745886,
    -0.5755492983708844]
  cam_t_m2c: [85.27999877929688, 52.1560001373291, 631.8679809570312]
  obj_bb: [359, 247, 78, 124]
  obj_id: 1
- cam_R_m2c: [0.8794208425881709, 0.41467888488932875, -0.23379564591423418, 0.4755193754970633,
    -0.7882857983087388, 0.390495612922395, -0.022367502059775557, -0.45458434048226615,
    -0.8904228053233523]
  cam_t_m2c: [-85.27999877929688, -318.34400177001953, 815.2770233154297]
  obj_bb: [220, -39, 81, 95]
  obj_id: 1
4:
- cam_R_m2c: [0.32538502549552717, -0.7902100225465566, 0.5193194637698897, -0.9169889492627031,
    -0.39773321202005996, -0.030652226449147474, 0.23077229494321633, -0.4662364339293711,
    -0.8540302896053888]
  cam_t_m2c: [-0.0009999999747378752, 0.0, 1472.9890441894531]
  obj_bb: [300, 223, 45, 45]
  obj_id: 1
- cam_R_m2c: [0.1361414214452563, 0.5973450670187401, -0.790344471907814, 0.9204777907889015,
    -0.37125181573085325, -0.12203575697690872, -0.36631427767867264, -0.7108804120419417,
    -0.6003856175357892]
  cam_t_m2c: [93.46699714660645, -39.30599927902222, 1112.8240203857422]
  obj_bb: [348, 196, 42, 69]
  obj_id: 1
- cam_R_m2c: [0.9286667490717408, 0.3708393384190814, 0.00750028328947968, 0.352186266980372,
    -0.8879388671657849, 0.29585368263175843, 0.11637397698349322, -0.2721079808775206,
    -0.9552038233925808]
  cam_t_m2c: [-93.46799850463867, -349.0140151977539, 1375.7620239257812]
  obj_bb: [257, 64, 49, 54]
  obj_id: 1
5:
- cam_R_m2c: [0.15582965501329937, -0.7513075990840186, 0.6412908935709627, 0.4253731286772968,
    -0.5348996752362957, -0.7300274233420231, 0.8915014413996896, 0.3865478353201751,
    0.23623283216259924]
  cam_t_m2c: [0.0, 0.0, 1081.7369842529297]
  obj_bb: [292, 215, 64, 65]
  obj_id: 1
- cam_R_m2c: [0.4889724600001526, 0.6594565229422967, -0.570984262226425, 0.7516498950665403,
    -0.6506893532199283, -0.10782300706569944, -0.44263796561959934, -0.3764577797776094,
    -0.8138496000103796]
  cam_t_m2c: [48.85900020599365, -307.92699813842773, 874.8690032958984]
  obj_bb: [319, -16, 62, 85]
  obj_id: 1
- cam_R_m2c: [0.5566782268656224, 0.6017722082695818, 0.5726949983089581, 0.7788654428064141,
    -0.6178456592455334, -0.10786734145894511, 0.2889255505068994, 0.5060997438309995,
    -0.8126408035279066]
  cam_t_m2c: [-48.857998847961426, -291.65700912475586, 1310.9730529785156]
  obj_bb: [278, 80, 43, 54]
  obj_id: 1
6:
- cam_R_m2c: [-0.9022431038570092, 0.4306094107374701, -0.023084993541237275, -0.29167810318145654,
    -0.6488225740903801, -0.7028180073640693, -0.31761811293901016, -0.6273793132826919,
    0.7109950292357888]
  cam_t_m2c: [-0.0009999999747378752, 0.0, 1076.9930267333984]
  obj_bb: [305, 214, 36, 66]
  obj_id: 1
- cam_R_m2c: [0.7493353822318354, -0.2843738154276582, 0.5980200816315329, -0.16416713040560799,
    -0.954678989364707, -0.2482683639934209, 0.6415182290705832, 0.0878610287027063,
    -0.7620595786455577]
  cam_t_m2c: [219.0719985961914, -303.3090019226074, 1073.6849975585938]
  obj_bb: [417, 38, 62, 67]
  obj_id: 1
- cam_R_m2c: [-0.31974007509528635, -0.0562433576003496, 0.9458345357957173, -0.12295121163916894,
    -0.9873337624130434, -0.10027482812632688, 0.9394941638640025, -0.14835338326153302,
    0.30877498237444]
  cam_t_m2c: [-219.0730094909668, -291.0409927368164, 1162.4459838867188]
  obj_bb: [179, 58, 68, 57]
  obj_id: 1
7:
- cam_R_m2c: [0.9992365742555323, -0.036149452076115314, -0.014815052637923811, -0.038226238308320885,
    -0.8264196214431865, -0.5617556087824096, 0.008063707265474828, 0.5618930738212538,
    -0.8271705689982203]
  cam_t_m2c: [0.0, 0.0, 1206.1499786376953]
  obj_bb: [293, 222, 63, 50]
  obj_id: 1
- cam_R_m2c: [-0.6311217206202978, 0.37837476940272535, -0.6771395038252528, 0.7578936298034598,
    0.48668557527866685, -0.4344357221949062, 0.1651745127573001, -0.7873815369280053,
    -0.5939256650796302]
  cam_t_m2c: [-74.46199893951416, -94.2609977722168, 851.7910003662109]
  obj_bb: [214, 132, 89, 78]
  obj_id: 1
- cam_R_m2c: [0.1230015297183971, 0.9901746907379861, -0.06651845991051976, 0.9865919260227841,
    -0.12925095776485457, -0.09965220230140878, -0.10727066324763444, -0.05336920215630861,
    -0.9927964207568495]
  cam_t_m2c: [74.46199893951416, -365.3390121459961, 1174.8059844970703]
  obj_bb: [344, 22, 27, 66]
  obj_id: 1
8:
- cam_R_m2c: [0.6551242025590976, -0.6916279780633449, 0.3040773243458246, -0.5826553591879676,
    -0.7187165959007825, -0.37941953980565096, 0.4809625885979564, 0.07139464081288432,
    -0.8738293847384352]
  cam_t_m2c: [0.0, 0.0, 1137.1209716796875]
  obj_bb: [293, 217, 63, 58]
  obj_id: 1
- cam_R_m2c: [-0.12216472634968031, 0.6569747572005792, -0.7439488880542451, 0.9533499807992539,
    -0.13079870649874867, -0.2720579212011959, -0.2760427389843277, -0.7424795396369478,
    -0.6103478839764549]
  cam_t_m2c: [29.718000888824463, -94.71099853515625, 776.3629913330078]
  obj_bb: [302, 120, 75, 98]
  obj_id: 1
- cam_R_m2c: [0.7220774062569104, 0.6910719433605547, 0.031996694722406516, 0.6899202497397235,
    -0.722750258925901, 0.04052298386867195, 0.05112991660828385, -0.007185563471952865,
    -0.998666160088155]
  cam_t_m2c: [-29.718000888824463, -372.6620101928711, 1121.6310119628906]
  obj_bb: [281, 6, 48, 67]
  obj_id: 1
9:
- cam_R_m2c: [0.24590116079464472, -0.7685342646967409, 0.5906671677915456, -0.9538772180735785,
    -0.3001242636139309, 0.0066090264340777916, 0.17219428550348853, -0.5650491220922613,
    -0.8068882312084541]
  cam_t_m2c: [0.0, 0.0, 1080.6790161132812]
  obj_bb: [294, 213, 58, 63]
  obj_id: 1
- cam_R_m2c: [0.20615366577605543, 0.556420934855236, -0.8049201260633997, 0.9009392243019181,
    -0.4289329918422541, -0.06576475213600835, -0.38184968273045905, -0.7116264692688696,
    -0.5897275540743963]
  cam_t_m2c: [107.4940013885498, -34.983999729156494, 723.9980316162109]
  obj_bb: [377, 172, 59, 108]
  obj_id: 1
- cam_R_m2c: [0.9552546744595107, 0.29484791033875324, 0.02352055892457612, 0.2669464207910608,
    -0.8936376957976362, 0.36076485011199855, 0.12738962026042705, -0.3383435804302506,
    -0.9323601805265722]
  cam_t_m2c: [-107.4940013885498, -340.7310104370117, 969.5580291748047]
  obj_bb: [221, -11, 72, 79]
  obj_id: 1
10:
- cam_R_m2c: [-0.8984244066438417, -0.3134840345748708, 0.30750828543849434, -0.0011657826214283018,
    -0.6985647959522399, -0.7155458523442683, 0.43912666338716083, -0.6432223456339704,
    0.6272422080660648]
  cam_t_m2c: [0.0, 0.0, 739.1860198974609]
  obj_bb: [289, 200, 66, 96]
  obj_id: 1
- cam_R_m2c: [0.9772804348652576, 0.15712934248974186, 0.14224387986242337, 0.17946028534816105,
    -0.9705192458122326, -0.16089250911963898, 0.1127694888359912, 0.18276422854814312,
    -0.9766679472322578]
  cam_t_m2c: [179.3000030517578, -308.3329963684082, 626.1270141601562]
  obj_bb: [457, -116, 81, 118]
  obj_id: 1
- cam_R_m2c: [0.21724178537993655, -0.05593769607995398, 0.9745137150611092, 0.23579107596611015,
    -0.9657839230801716, -0.10799991858616226, 0.9472109454496829, 0.25324373255253585,
    -0.19661901419541816]
  cam_t_m2c: [-179.29899215698242, -290.2989959716797, 892.7390289306641]
  obj_bb: [163, 1, 86, 79]
  obj_id: 1
11:
- cam_R_m2c: [-0.44329936039824297, -0.4703989800609629, -0.763027179481907, -0.4682983645910309,
    -0.6042950852734584, 0.6446115819900456, -0.7643182051945867, 0.6430802822913709,
    0.04759655172568794]
  cam_t_m2c: [0.0, 0.0, 1003.0780029296875]
  obj_bb: [276, 215, 76, 55]
  obj_id: 1
- cam_R_m2c: [0.8026631125785898, 0.5894193689130939, 0.09119613618865707, -0.5528993202951419,
    0.7926716058070756, -0.2568541745123139, -0.22368341315980533, 0.15574508948060645,
    0.9621378268106175]
  cam_t_m2c: [14.836000204086304, -305.2869987487793, 787.2540283203125]
  obj_bb: [295, -36, 81, 92]
  obj_id: 1
- cam_R_m2c: [-0.15412290560918906, 0.8641392263364408, -0.47907152646889606, -0.9846049870721286,
    -0.17478795398382585, 0.001480059066686995, -0.08245695482658746, 0.47192432512936344,
    0.8777746191089831]
  cam_t_m2c: [-14.835000038146973, 118.8539981842041, 648.6009979248047]
  obj_bb: [273, 292, 68, 115]
  obj_id: 1
12:
- cam_R_m2c: [-0.3570538173994037, 0.48754910375269145, 0.7967486698517048, 0.4918760982794701,
    0.8232687406836862, -0.28334869781677624, -0.7940846777402764, 0.29073089282538417,
    -0.5337649974802362]
  cam_t_m2c: [0.0, 0.0, 736.1499786376953]
  obj_bb: [287, 192, 54, 105]
  obj_id: 1
- cam_R_m2c: [-0.23231095666598456, -0.31132408580778725, -0.9214710700878681, -0.9196746651275907,
    0.3786811961390695, 0.10391853546474689, 0.3165914239763758, 0.871595012196966,
    -0.37428866530791655]
  cam_t_m2c: [-220.5459976196289, -132.91099548339844, 464.68299865722656]
  obj_bb: [-41, -12, 136, 160]
  obj_id: 1
- cam_R_m2c: [-0.9934331622284812, -0.03792200586175483, -0.10794662410720082, -0.10858075453734582,
    0.6098892190373418, 0.7850129682025145, 0.03606621589272888, 0.7915788412871093,
    -0.6100017754873642]
  cam_t_m2c: [220.5459976196289, -63.21800231933594, 440.5780029296875]
  obj_bb: [513, 84, 193, 126]
  obj_id: 1
13:
- cam_R_m2c: [0.3850693291271837, -0.7876984837096322, 0.48088741980539174, -0.9221416161787269,
    -0.30744957120573013, 0.23479693540738192, -0.03710055898266551, -0.5338594008978012,
    -0.8447589529541636]
  cam_t_m2c: [-0.0009999999747378752, 0.0009999999747378752, 743.7709808349609]
  obj_bb: [281, 198, 88, 90]
  obj_id: 1
- cam_R_m2c: [0.03189197892907583, 0.5909720527685721, -0.8060613714392271, 0.9475013274347436,
    -0.2745914947676322, -0.16383145458267945, -0.3181574078807321, -0.7585193101350668,
    -0.5687040706402902]
  cam_t_m2c: [95.89200019836426, 13.902000188827515, 382.36900329589844]
  obj_bb: [405, 187, 128, 207]
  obj_id: 1
14:
- cam_R_m2c: [-0.3538451258708962, -0.4009340078673208, 0.8450121586301916, -0.908072889057865,
    -0.0691544032828362, -0.4130633083011571, 0.22404743929692994, -0.9134930704948131,
    -0.3396073543114849]
  cam_t_m2c: [0.0009999999747378752, 0.0, 1207.4320220947266]
  obj_bb: [301, 212, 42, 62]
  obj_id: 1
- cam_R_m2c: [0.742774339908472, 0.22011820431780335, -0.6323244864003286, 0.5105588995576611,
    -0.797179372554541, 0.32223385616042616, -0.43314649953105194, -0.5621859337456372,
    -0.704507690406955]
  cam_t_m2c: [171.2969970703125, -129.40699577331543, 900.9829711914062]
  obj_bb: [413, 117, 44, 87]
  obj_id: 1
- cam_R_m2c: [0.8768467080388607, -0.025435933256714602, 0.4800967234847296, -0.2408546461436865,
    -0.8874894285543506, 0.3928760028752984, 0.4160875989889779, -0.46012555623832924,
    -0.7843185465510525]
  cam_t_m2c: [-171.29499435424805, -319.91100311279297, 1116.2470245361328]
  obj_bb: [198, 34, 70, 62]
  obj_id: 1
15:
- cam_R_m2c: [0.19280513714260722, -0.7654158815545691, 0.6139745168616222, 0.18085987107451312,
    -0.5872730571659762, -0.7889233570897989, 0.9644251583852066, 0.26315182802133424,
    0.02520375532929986]
  cam_t_m2c: [0.0, 0.0, 928.8200378417969]
  obj_bb: [288, 208, 73, 78]
  obj_id: 1
- cam_R_m2c: [0.4411696162673858, 0.6566166493500103, -0.6117384616638502, 0.7790435961450692,
    -0.618592644479706, -0.10214800781690789, -0.4454889953611049, -0.431506333663795,
    -0.7844372753892971]
  cam_t_m2c: [54.98199939727783, -277.5279998779297, 683.9630126953125]
  obj_bb: [325, -66, 77, 110]
  obj_id: 1
- cam_R_m2c: [0.6386430786395618, 0.5716691723387621, 0.5151013254722779, 0.7055508400062733,
    -0.7022012485388616, -0.09545375171729209, 0.30713682662980196, 0.42439105073973815,
    -0.8517976319407072]
  cam_t_m2c: [-54.98199939727783, -319.6349906921387, 1115.3959655761719]
  obj_bb: [267, 34, 51, 63]
  obj_id: 1
16:
- cam_R_m2c: [0.9257940246284438, -0.28565151722828136, -0.24760580499545798, -0.3174796398288238,
    -0.9430759920664454, -0.09906740877831531, -0.20521233456210225, 0.17032581687187176,
    -0.9637826590318489]
  cam_t_m2c: [0.0, 0.0009999999747378752, 1426.9209289550781]
  obj_bb: [298, 230, 53, 34]
  obj_id: 1
- cam_R_m2c: [-0.699983061410709, 0.5078868470603102, -0.502070377856759, 0.7126579123069006,
    0.5423228479845776, -0.444977110175643, 0.04628621570685504, -0.6692808671529715,
    -0.7415663875193541]
  cam_t_m2c: [-42.39500045776367, 26.191000938415527, 1056.0890197753906]
  obj_bb: [257, 231, 67, 62]
  obj_id: 1
- cam_R_m2c: [0.30431186255069087, 0.9398829604847944, -0.15496551520021382, 0.9471868635548063,
    -0.31583494225939124, -0.0555457897343777, -0.10115006584346917, -0.12987805757072765,
    -0.9863571129877436]
  cam_t_m2c: [42.393999099731445, -345.54500579833984, 1289.8049926757812]
  obj_bb: [325, 58, 30, 61]
  obj_id: 1
17:
- cam_R_m2c: [-0.25283806968715183, -0.7437218500258025, 0.6188301223365524, -0.233533023940248,
    -0.5737869716763845, -0.7850037183757586, 0.9389010795851702, -0.3429960946259321,
    -0.02860842227666771]
  cam_t_m2c: [0.0, 0.0, 765.3489685058594]
  obj_bb: [283, 198, 80, 96]
  obj_id: 1
- cam_R_m2c: [0.7091710748876686, 0.5227770952261691, -0.4730544315927687, 0.5846845914442923,
    -0.8110203329926075, -0.01974710105764607, -0.3939800947640498, -0.2625835641837636,
    -0.8808118736428691]
  cam_t_m2c: [116.96800231933594, -248.0970001220703, 510.85601806640625]
  obj_bb: [420, -143, 66, 150]
  obj_id: 1
- cam_R_m2c: [0.7293943574187517, 0.243527762641265, 0.6392793600521031, 0.35289410715671676,
    -0.9344996138860225, -0.04664998157490624, 0.5860457494938006, 0.25962415232372943,
    -0.767558257743629]
  cam_t_m2c: [-116.96700096130371, -335.802001953125, 881.7769622802734]
  obj_bb: [206, -37, 78, 82]
  obj_id: 1
18:
- cam_R_m2c: [-0.8793889844673152, 0.2627429651617583, 0.3970404869223687, -0.4725912586708023,
    -0.3806040216579007, -0.7948572707887747, -0.057727950123760696, -0.8866265916133125,
    0.4588690127026114]
  cam_t_m2c: [0.0, 0.0, 578.8909912109375]
  obj_bb: [291, 180, 67, 128]
  obj_id: 1
19:
- cam_R_m2c: [0.7823118315091563, 0.6128452282163398, -0.11139535238622486, 0.3730785808389838,
    -0.6042225908887694, -0.7040791384346167, -0.49879912870809895, 0.5092502203358625,
    -0.7013299097342961]
  cam_t_m2c: [0.0, 0.0009999999747378752, 1388.7890625]
  obj_bb: [295, 224, 54, 41]
  obj_id: 1
- cam_R_m2c: [-0.8081672282631589, -0.04241781642449209, -0.5874235780177884, 0.2356730602541604,
    0.8907755417092433, -0.38855777300556293, 0.5397443282072371, -0.45245957072691234,
    -0.7098988639417141]
  cam_t_m2c: [-149.56100463867188, -75.2430009841919, 1054.1699981689453]
  obj_bb: [190, 169, 73, 55]
  obj_id: 1
- cam_R_m2c: [-0.44821967532319423, 0.89341478682116, -0.030151970789176304, 0.8927884160279297,
    0.44569664032398365, -0.06544729948785953, -0.04503295304008387, -0.05625409756821738,
    -0.9974003758006486]
  cam_t_m2c: [149.56100463867188, -323.60801696777344, 1275.1709747314453]
  obj_bb: [372, 63, 34, 62]
  obj_id: 1
20:
- cam_R_m2c: [-0.8897323077063629, -0.44352296346860515, 0.10799908101246143, 0.3622095599114384,
    -0.8299288763508258, -0.42429034269921573, 0.27781406611666015, -0.3383865261429334,
    0.8990627917963494]
  cam_t_m2c: [0.0009999999747378752, 0.0, 1130.5290222167969]
  obj_bb: [298, 213, 47, 63]
  obj_id: 1
- cam_R_m2c: [0.9097626782151619, 0.25206772653284165, 0.32983894640769856, 0.3641330121221588,
    -0.8660956020487044, -0.34246979077684514, 0.1993464793007887, 0.43167148313556336,
    -0.8797276350313904]
  cam_t_m2c: [166.96100234985352, -333.135986328125, 1096.698989868164]
  obj_bb: [395, 31, 34, 64]
  obj_id: 1
- cam_R_m2c: [0.015623470299702569, -0.007560898543536976, 0.999849358648096, 0.5918788319723547,
    -0.8058809154764023, -0.01534269643696562, 0.8058755210569654, 0.5920293767070433,
    -0.008115520749432559]
  cam_t_m2c: [-166.95999145507812, -228.59500885009766, 1375.2090454101562]
  obj_bb: [224, 118, 54, 48]
  obj_id: 1
21:
- cam_R_m2c: [-0.1579840948743072, -0.6396743275018867, 0.7522351896194135, -0.8763728425091896,
    -0.2601851327068515, -0.4053077073418184, 0.4549853477630999, -0.7232706626521824,
    -0.5194880959825393]
  cam_t_m2c: [0.0, 0.0, 514.0900039672852]
  obj_bb: [268, 167, 112, 140]
  obj_id: 1
- cam_R_m2c: [0.593761049851757, 0.41447132101585626, -0.6896820569902555, 0.6705506451947186,
    -0.7286487498889619, 0.13940169121714194, -0.4447579655361842, -0.5452380428222372,
    -0.7105672584291302]
  cam_t_m2c: [140.75599670410156, -126.96599960327148, 191.49599075317383]
  obj_bb: [629, -509, 388, 503]
  obj_id: 1
22:
- cam_R_m2c: [-0.36002110399668186, -0.4643973591376648, 0.8091476364069623, -0.8643566148366314,
    -0.16036460433744995, -0.47662441824129476, 0.3511017616947683, -0.8709869611547904,
    -0.3436702873877435]
  cam_t_m2c: [0.0009999999747378752, 0.0, 1073.9129638671875]
  obj_bb: [297, 208, 50, 69]
  obj_id: 1
- cam_R_m2c: [0.7472556592052153, 0.2680118981556515, -0.6080942379539409, 0.5102729506914074,
    -0.8176169019499173, 0.266691052415532, -0.4257117517504818, -0.5095804392761012,
    -0.7477280791362007]
  cam_t_m2c: [164.69600677490234, -145.4170036315918, 771.0440063476562]
  obj_bb: [424, 79, 51, 101]
  obj_id: 1
- cam_R_m2c: [0.8650975067822134, 0.002353093702678527, 0.5015982124262653, -0.17843459711526002,
    -0.9331355172683163, 0.31212049110032275, 0.46879355617533097, -0.35951713361454446,
    -0.8068333361519396]
  cam_t_m2c: [-164.69499588012695, -329.97100830078125, 1010.7140350341797]
  obj_bb: [189, 4, 76, 69]
  obj_id: 1
23:
- cam_R_m2c: [-0.8177183202284579, 0.36274465743020445, 0.44693742545080384, -0.5516703913930504,
    -0.2722411848834248, -0.788380946315617, -0.1643062020222846, -0.8912356875479756,
    0.4227320915401381]
  cam_t_m2c: [-0.0009999999747378752, 0.0, 829.1280364990234]
  obj_bb: [300, 197, 48, 92]
  obj_id: 1
- cam_R_m2c: [0.9605744334336229, -0.2506795832019131, 0.12023520449265018, -0.27696132315636657,
    -0.9005522621941372, 0.33510900992437725, 0.024273098466182176, -0.3551976486728717,
    -0.9344760280863892]
  cam_t_m2c: [217.02600479125977, -261.34599685668945, 672.2910308837891]
  obj_bb: [472, -60, 101, 106]
  obj_id: 1
- cam_R_m2c: [0.21479969177565728, -0.0739907388199359, 0.9738513556913927, -0.5690846494384196,
    -0.8198441354656313, 0.06323175876221776, 0.793727758231142, -0.5677860196513228,
    -0.21820926126513063]
  cam_t_m2c: [-217.02699661254883, -299.5770072937012, 772.9740142822266]
  obj_bb: [106, -50, 107, 94]
  obj_id: 1
24:
- cam_R_m2c: [-0.27852531861057606, -0.6903374055103793, 0.6677259268937185, -0.5147048463358965,
    -0.47968217286448256, -0.7106222162262801, 0.8108653205380153, -0.5416080497825038,
    -0.22171637819424772]
  cam_t_m2c: [-0.0009999999747378752, 0.0, 1036.1489868164062]
  obj_bb: [294, 209, 57, 72]
  obj_id: 1
- cam_R_m2c: [0.7100454363173577, 0.4634767389979571, -0.5301177140718021, 0.5737005150887228,
    -0.8172916729643812, 0.05387058835781669, -0.4082930287818144, -0.3423793710358478,
    -0.8462110664233068]
  cam_t_m2c: [130.9409999847412, -210.07099151611328, 755.5699920654297]
  obj_bb: [400, 18, 44, 90]
  obj_id: 1
- cam_R_m2c: [0.8007765523820458, 0.1686186225987971, 0.5747387869876275, 0.17685576739206674,
    -0.9833366821244947, 0.04208333552077443, 0.5722577659545462, 0.0679465208916198,
    -0.817254134038756]
  cam_t_m2c: [-130.94300270080566, -346.0919952392578, 1091.5979766845703]
  obj_bb: [220, 13, 65, 63]
  obj_id: 1
25:
- cam_R_m2c: [-0.37156168439772785, -0.36443142915319376, 0.8538920588299694, -0.9089359673521196,
    -0.04459104473155909, -0.4145443836109887, 0.18914894115799274, -0.9301620139390281,
    -0.31467650990136115]
  cam_t_m2c: [0.0009999999747378752, 0.0, 1010.5319976806641]
  obj_bb: [297, 205, 50, 74]
  obj_id: 1
- cam_R_m2c: [0.7568358178415274, 0.19350708974611025, -0.624303252474418, 0.4906799615997504,
    -0.7992104856524248, 0.34712501337080637, -0.4317785544890037, -0.5690497393384921,
    -0.6998211729021783]
  cam_t_m2c: [174.78099822998047, -129.4499969482422, 706.0739898681641]
  obj_bb: [440, 79, 63, 112]
  obj_id: 1
- cam_R_m2c: [0.8689907421573664, -0.03944707165322446, 0.49325350336594154, -0.27147435486765803,
    -0.8714145641650912, 0.40858087572738033, 0.4137109675775811, -0.4889586750421241,
    -0.7679600571690379]
  cam_t_m2c: [-174.77899551391602, -316.21299743652344, 913.2630157470703]
  obj_bb: [168, -13, 86, 77]
  obj_id: 1
26:
- cam_R_m2c: [0.7888602719392726, 0.491528838821821, -0.3689158060619918, 0.25986478919439077,
    -0.810755180987772, -0.5245439236502886, -0.5569288668159083, 0.3179236340820814,
    -0.7673035906335841]
  cam_t_m2c: [0.0, 0.0, 571.5290069580078]
  obj_bb: [257, 198, 139, 86]
  obj_id: 1
- cam_R_m2c: [-0.9402828382996391, 0.0469354265119088, -0.3371427735208317, 0.1372428523439378,
    0.9586500038500023, -0.2493081819734146, 0.3115005352799152, -0.2806906408424305,
    -0.9078436983665144]
  cam_t_m2c: [-135.3820037841797, 26.171000003814697, 223.69699478149414]
  obj_bb: [-284, 177, 392, 215]
  obj_id: 1
27:
- cam_R_m2c: [0.31475051223294, -0.752469028370474, 0.5785520515842082, -0.9353634365531656,
    -0.14229008497417245, 0.3238036029408795, -0.1613299619058836, -0.6430737850832027,
    -0.7486178934077174]
  cam_t_m2c: [0.0, 0.0, 1256.6490173339844]
  obj_bb: [298, 217, 50, 56]
  obj_id: 1
- cam_R_m2c: [0.09382589771379782, 0.5337999221966093, -0.8403894002074835, 0.9411351615503109,
    -0.3228934178412834, -0.10002223956923212, -0.3247480694505672, -0.781535337510511,
    -0.5326736408068841]
  cam_t_m2c: [114.01700019836426, 28.961000442504883, 901.4569854736328]
  obj_bb: [370, 232, 48, 88]
  obj_id: 1
- cam_R_m2c: [0.9561949079111179, 0.25956329469820094, -0.1353447233188784, 0.2920113166837722,
    -0.8133752201620416, 0.5031402807915111, 0.020510704850359274, -0.5206223653203594,
    -0.853540663187628]
  cam_t_m2c: [-114.01599884033203, -310.69799423217773, 1082.1009826660156]
  obj_bb: [228, 39, 65, 66]
  obj_id: 1
28:
- cam_R_m2c: [-0.5803017196025537, -0.06480593655135009, 0.8118190098870688, -0.812380648630413,
    -0.02411839927302889, -0.5826285133318962, 0.05733756148588559, -0.9976063819985357,
    -0.03865114019848748]
  cam_t_m2c: [0.0, 0.0, 970.1490020751953]
  obj_bb: [300, 202, 44, 78]
  obj_id: 1
- cam_R_m2c: [0.9051549335345334, -0.007689567083357371, -0.42501225494821304, 0.21879413408399823,
    -0.8487958395967153, 0.481326032511997, -0.364449822593629, -0.5286648212633192,
    -0.7666093096030696]
  cam_t_m2c: [197.25000381469727, -171.31799697875977, 702.301025390625]
  obj_bb: [454, 37, 80, 112]
  obj_id: 1
- cam_R_m2c: [0.706031420941323, -0.10312626868076735, 0.7006315760451834, -0.4765953470801144,
    -0.8009629490458574, 0.36237443259334345, 0.5238096102451356, -0.589765484717226,
    -0.614654508851187]
  cam_t_m2c: [-197.25000381469727, -301.1520004272461, 868.1710052490234]
  obj_bb: [144, -17, 94, 82]
  obj_id: 1
29:
- cam_R_m2c: [-0.6392389534359711, 0.0317132690539374, 0.7683539737490768, -0.7688379713738003,
    -0.047375710690780504, -0.6376862204959134, 0.016178200885872462, -0.998373582684586,
    0.05466676516532065]
  cam_t_m2c: [0.0, 0.0, 598.6069869995117]
  obj_bb: [290, 173, 69, 127]
  obj_id: 1
- cam_R_m2c: [0.9389666968732622, -0.06684066103461175, -0.3374520235461206, 0.11816263994344095,
    -0.8585925344992169, 0.4988551395182853, -0.32307759545426873, -0.5082825845282005,
    -0.7982917271153576]
  cam_t_m2c: [202.77999877929688, -187.95900344848633, 346.5140151977539]
  obj_bb: [582, -242, 229, 236]
  obj_id: 1
30:
- cam_R_m2c: [-0.5940369457962325, 0.020612682032142726, 0.8041736282473617, -0.8042717658833942,
    0.005088809132367478, -0.5942398763331362, -0.016341163725109076, -0.9997745852746289,
    0.01355525754285275]
  cam_t_m2c: [0.0, 0.0, 1400.1499938964844]
  obj_bb: [307, 216, 29, 54]
  obj_id: 1
- cam_R_m2c: [0.9173323267704334, -0.060216987520398335, -0.39354201386371773, 0.17202987516131857,
    -0.8314951344567554, 0.5282249174610404, -0.35903638299470925, -0.5522587761083656,
    -0.752398245543785]
  cam_t_m2c: [202.17899322509766, -173.2900047302246, 1137.2920227050781]
  obj_bb: [407, 120, 45, 67]
  obj_id: 1
- cam_R_m2c: [0.677673862704327, -0.10805203404091804, 0.7273808450509384, -0.5300925539412057,
    -0.7573389961211893, 0.3813653487277508, 0.5096665773459025, -0.6440204988148819,
    -0.5705064215613559]
  cam_t_m2c: [-202.17899322509766, -293.36700439453125, 1285.8720397949219]
  obj_bb: [200, 75, 62, 53]
  obj_id: 1
31:
- cam_R_m2c: [-0.7552717918944367, -0.5358401477614826, 0.37741205123249477, 0.1557425616631158,
    -0.7060752717132904, -0.69079806395329, 0.636638653283931, -0.4629611719377292,
    0.6167318529335639]
  cam_t_m2c: [0.0, 0.0, 812.1389770507812]
  obj_bb: [288, 204, 67, 87]
  obj_id: 1
- cam_R_m2c: [0.9457453179346579, 0.3247254217371058, 0.010917604239597322, 0.3217441757400115,
    -0.9313260519786247, -0.1706237682249732, -0.04523802584169932, 0.16487930550426147,
    -0.9852757662879866]
  cam_t_m2c: [156.19600296020508, -313.99999618530273, 681.7279815673828]
  obj_bb: [432, -91, 55, 109]
  obj_id: 1
- cam_R_m2c: [0.33669076462106745, 0.04111442069143745, 0.9407172441441095, 0.4081170594035005,
    -0.9067032750397153, -0.10644076688982226, 0.8485751556831723, 0.41976037860124593,
    -0.32205811542921564]
  cam_t_m2c: [-156.19600296020508, -283.21800231933594, 1000.2619934082031]
  obj_bb: [195, 32, 73, 71]
  obj_id: 1
32:
- cam_R_m2c: [-0.4328928499177438, -0.40995743576804533, 0.8028316643908502, -0.8294870018284202,
    -0.1675246560777662, -0.532810288380137, 0.35292363804057153, -0.8965881944708592,
    -0.2675341384715089]
  cam_t_m2c: [0.0009999999747378752, 0.0, 1270.2549743652344]
  obj_bb: [302, 214, 40, 59]
  obj_id: 1
- cam_R_m2c: [0.7996474378655265, 0.2267752940761848, -0.5560008463228803, 0.44173841958916216,
    -0.849359560019864, 0.28888666715813055, -0.4067322753039996, -0.4766144183714159,
    -0.7793635560035563]
  cam_t_m2c: [170.4050064086914, -159.95400428771973, 978.0619812011719]
  obj_bb: [406, 106, 39, 78]
  obj_id: 1
- cam_R_m2c: [0.8256871450932332, -0.02190233334331894, 0.5637029592098166, -0.21982730474833967,
    -0.9327495978956005, 0.2857518918794341, 0.5195350753460892, -0.3598589660126775,
    -0.7749740834798412]
  cam_t_m2c: [-170.40300369262695, -328.27098846435547, 1213.6859893798828]
  obj_bb: [208, 46, 64, 57]
  obj_id: 1
33:
- cam_R_m2c: [-0.5987304990025022, -0.7869845563164246, 0.1489197692841851, 0.1259753789010744,
    0.09108694437652903, 0.9878427873274561, -0.7909816644366325, 0.6102118293540263,
    0.04460414601208312]
  cam_t_m2c: [0.0, 0.0009999999747378752, 1038.6699676513672]
  obj_bb: [285, 214, 63, 61]
  obj_id: 1
- cam_R_m2c: [0.4669250496484352, 0.5892312177649845, -0.6593842354970276, -0.8810200497326162,
    0.24583901990280954, -0.4041866502772755, -0.0760570179532763, 0.7696556036984459,
    0.6339129133529586]
  cam_t_m2c: [-96.56499862670898, -232.56799697875977, 761.9259643554688]
  obj_bb: [213, 6, 66, 103]
  obj_id: 1
- cam_R_m2c: [-0.6558060764895728, 0.3540814656335173, -0.6667418583936164, -0.7495342506398751,
    -0.4107910699074939, 0.5190848716751217, -0.0900932692107112, 0.8401648722596518,
    0.5347954658220744]
  cam_t_m2c: [96.56499862670898, 168.48699569702148, 718.8449859619141]
  obj_bb: [348, 344, 98, 87]
  obj_id: 1
34:
- cam_R_m2c: [0.5313596429850946, -0.7454940862997028, 0.40236239523459955, -0.6000689052200643,
    -0.6664817936666432, -0.44240177180803375, 0.5979751155313624, -0.006370714486258866,
    -0.8014893481526677]
  cam_t_m2c: [0.0009999999747378752, 0.0, 754.1320037841797]
  obj_bb: [279, 199, 94, 91]
  obj_id: 1
- cam_R_m2c: [0.022033125041439755, 0.659930350619119, -0.7510036442871867, 0.9397084204553425,
    -0.27008695183321574, -0.2097644464030259, -0.3412662097633371, -0.7011026820524717,
    -0.6260929669726352]
  cam_t_m2c: [46.59200191497803, -116.1050033569336, 401.5010070800781]
  obj_bb: [314, -48, 136, 198]
  obj_id: 1
35:
- cam_R_m2c: [0.9176038477920782, -0.39629733415999363, -0.030848038103819923, -0.3889322180298029,
    -0.879104221906008, -0.2755131517830858, 0.0820664870430691, 0.264809724075069,
    -0.9608022178053585]
  cam_t_m2c: [0.0, 0.0009999999747378752, 624.3190002441406]
  obj_bb: [268, 198, 123, 92]
  obj_id: 1
- cam_R_m2c: [-0.5301341228037507, 0.5584887773656866, -0.6380032111170588, 0.8474320917176383,
    0.32362144768010437, -0.42086578445925216, -0.028577294591440427, -0.7637797091819173,
    -0.6448440850902022]
  cam_t_m2c: [-26.43399953842163, -38.138999938964844, 253.04100036621094]
  obj_bb: [75, -26, 297, 314]
  obj_id: 1
36:
- cam_R_m2c: [-0.03091124458391463, -0.6455193845716753, 0.7631180898789381, -0.9745709100504829,
    -0.15006113061359855, -0.16641273497645026, 0.22193700962581064, -0.7488567160820381,
    -0.6244658377663095]
  cam_t_m2c: [0.0, 0.0009999999747378752, 1157.3429870605469]
  obj_bb: [297, 213, 50, 62]
  obj_id: 1
- cam_R_m2c: [0.4719732694757992, 0.41989141482432, -0.7751983182754953, 0.7662523536973422,
    -0.6302325699422742, 0.12515685453558006, -0.4360029396157879, -0.6530682257932843,
    -0.6191957114722326]
  cam_t_m2c: [139.7439956665039, -74.44699764251709, 818.3309936523438]
  obj_bb: [401, 149, 43, 96]
  obj_id: 1
- cam_R_m2c: [0.9688364852255523, 0.12280400330263304, 0.2151163444944269, 0.023470700258780383,
    -0.9100564214880086, 0.4138193276513344, 0.24658668075376766, -0.39587433167772684,
    -0.8845781607034805]
  cam_t_m2c: [-139.74499702453613, -331.5190124511719, 1054.552001953125]
  obj_bb: [210, 15, 70, 69]
  obj_id: 1
37:
- cam_R_m2c: [0.6901087501521915, -0.7154233979176094, -0.10917543073146813, -0.4879045818648682,
    -0.5713478541653788, 0.6599323817906535, -0.5345082150525358, -0.40215791830155306,
    -0.7433505073575407]
  cam_t_m2c: [0.0, 0.0, 1049.8629760742188]
  obj_bb: [290, 223, 70, 49]
  obj_id: 1
- cam_R_m2c: [-0.5173465057444963, 0.6596342581689181, -0.5451928451877378, 0.8476014079061758,
    0.3071174047266777, -0.43272480057123874, -0.11800189112649073, -0.6859748866860147,
    -0.7179930421157859]
  cam_t_m2c: [36.48600101470947, 142.21099853515625, 705.7050323486328]
  obj_bb: [307, 326, 82, 100]
  obj_id: 1
- cam_R_m2c: [0.6228925074333153, 0.6604262831834167, -0.41933524615035, 0.7758427901194442,
    -0.5902698860419354, 0.22282151299126518, -0.10036378432040738, -0.46413207830592573,
    -0.8800616595922747]
  cam_t_m2c: [-36.48699998855591, -286.1280059814453, 811.5370178222656]
  obj_bb: [260, -7, 69, 94]
  obj_id: 1
38:
- cam_R_m2c: [-0.5771202841395227, 0.05732877795533814, 0.8146444554852528, -0.8138485860947613,
    0.04231457101809882, -0.5795342578235665, -0.06769532145041018, -0.9974582138103338,
    0.02223634763228527]
  cam_t_m2c: [0.0, 0.0, 1466.5910339355469]
  obj_bb: [308, 217, 27, 52]
  obj_id: 1
- cam_R_m2c: [0.9114237589459337, -0.08227330010494352, -0.4031598141168168, 0.17618086553296128,
    -0.8074161274782061, 0.5630626072721878, -0.3718427547350103, -0.5842176830411241,
    -0.7214032607170138]
  cam_t_m2c: [204.13999557495117, -167.4180030822754, 1201.4530181884766]
  obj_bb: [403, 130, 43, 64]
  obj_id: 1
- cam_R_m2c: [0.6843849900511059, -0.1085970442712681, 0.7209881187428071, -0.5541917345211336,
    -0.7200569274891653, 0.41759973965906716, 0.4738023921227134, -0.6853646497671202,
    -0.5529797374844645]
  cam_t_m2c: [-204.13999557495117, -286.69700622558594, 1339.5809936523438]
  obj_bb: [204, 86, 60, 50]
  obj_id: 1
39:
- cam_R_m2c: [0.16679527913516715, -0.3393196940022764, 0.9257653483039985, -0.7978047927161953,
    0.5052783348224776, 0.32893968607952007, -0.5793848872531029, -0.7934456185657756,
    -0.18643283724034138]
  cam_t_m2c: [0.0, 0.0019999999494757503, 1393.0740356445312]
  obj_bb: [304, 216, 36, 55]
  obj_id: 1
- cam_R_m2c: [0.2851807732768886, 0.17537938646998125, -0.9422918854339186, 0.9163862798195717,
    -0.33801863784312325, 0.21442851169824773, -0.2809058787416916, -0.9246542441756772,
    -0.2571116800463674]
  cam_t_m2c: [177.052001953125, 63.41700077056885, 1069.6070098876953]
  obj_bb: [402, 255, 36, 74]
  obj_id: 1
- cam_R_m2c: [0.996392652037441, -0.04769658738220667, -0.07019058710316212, 0.04335769318267221,
    -0.4248858388427395, 0.9042080150014039, -0.07295062307939751, -0.9039895240006895,
    -0.42128511377609174]
  cam_t_m2c: [-177.052001953125, -202.31199264526367, 1132.8399658203125]
  obj_bb: [196, 115, 71, 47]
  obj_id: 1
40:
- cam_R_m2c: [-0.2183408574745813, -0.515922122528729, 0.8283427028970052, -0.9479671116623102,
    -0.0894049607799938, -0.3055570457288545, 0.2317015864509393, -0.8519572269036628,
    -0.46955644853706247]
  cam_t_m2c: [0.0, 0.0, 500.3990173339844]
  obj_bb: [270, 163, 108, 148]
  obj_id: 1
41:
- cam_R_m2c: [-0.9540705390357758, -0.2631519175004714, 0.1431798689055444, 0.12869957687489086,
    -0.7916074521389475, -0.5973224092818783, 0.2705287885904342, -0.551460524456564,
    0.7891168890030696]
  cam_t_m2c: [0.0, 0.0, 1097.2470092773438]
  obj_bb: [300, 213, 43, 66]
  obj_id: 1
- cam_R_m2c: [0.9387787382673854, 0.1220659443707418, 0.32217136092765003, 0.21770727379137034,
    -0.934945815805459, -0.28014257878122273, 0.26701689743427187, 0.33313094532442233,
    -0.9042818972819436]
  cam_t_m2c: [183.4510040283203, -320.802001953125, 1038.6640167236328]
  obj_bb: [406, 23, 44, 68]
  obj_id: 1
- cam_R_m2c: [0.031064041016969413, -0.0699435435134943, 0.9970671622696594, 0.36747433562992643,
    -0.9268846146286748, -0.07646910368244592, 0.929514732540071, 0.36877203240678164,
    -0.0030903245025988846]
  cam_t_m2c: [-183.44999313354492, -264.4420051574707, 1288.0780029296875]
  obj_bb: [209, 90, 60, 53]
  obj_id: 1
42:
- cam_R_m2c: [-0.647781615272114, -0.6051233486246559, 0.4628225490020279, 0.09175295445234494,
    -0.66506502593483, -0.7411274563984054, 0.7562806187287343, -0.43762340457017096,
    0.48633875180546293]
  cam_t_m2c: [0.0, 0.0, 598.046989440918]
  obj_bb: [275, 190, 94, 118]
  obj_id: 1
- cam_R_m2c: [0.45235029227364415, 0.08864974425168903, 0.8874234817290215, 0.3902728223420268,
    -0.9143911250981784, -0.10759179561135745, 0.801914170732216, 0.395006447018017,
    -0.4482226785795928]
  cam_t_m2c: [-146.43799781799316, -296.42799377441406, 773.2230377197266]
  obj_bb: [166, -43, 93, 94]
  obj_id: 1
43:
- cam_R_m2c: [-0.9301097147475592, 0.27666210491523135, 0.24156572239472893, -0.35619658818814737,
    -0.5191077703926683, -0.7769498782296551, -0.08955394516902707, -0.8086935157535431,
    0.581373278094923]
  cam_t_m2c: [-0.0009999999747378752, 0.0, 1278.2430267333984]
  obj_bb: [307, 219, 30, 57]
  obj_id: 1
- cam_R_m2c: [0.9214697917001217, -0.2058637702343457, 0.3294139206060296, -0.215115804220481,
    -0.9765511907084189, -0.008541820680945524, 0.3234480078137918, -0.06299111072897703,
    -0.9441469727804138]
  cam_t_m2c: [213.9940071105957, -293.26900482177734, 1187.6909637451172]
  obj_bb: [407, 61, 50, 58]
  obj_id: 1
- cam_R_m2c: [-0.005095385317015644, -0.09076413134230528, 0.9958593823980109, -0.270458704966169,
    -0.9586316528370409, -0.08875496091456275, 0.9627180926712107, -0.26979107961643123,
    -0.019663351771926796]
  cam_t_m2c: [-213.99499893188477, -304.48400497436523, 1316.9180297851562]
  obj_bb: [198, 73, 60, 52]
  obj_id: 1
44:
- cam_R_m2c: [-0.9034209585275714, 0.24916531009435128, 0.34892294269467233, -0.4262866765506593,
    -0.43479725403786684, -0.7932408318263275, -0.04593736048705255, -0.865371594245337,
    0.49902080395988113]
  cam_t_m2c: [0.0, 0.0, 565.6750106811523]
  obj_bb: [290, 181, 69, 129]
  obj_id: 1
45:
- cam_R_m2c: [-0.5783325388609379, -0.11854092234565966, 0.8071428152589242, -0.807592711881963,
    -0.056808747949357696, -0.5869981072129304, 0.11543606979535642, -0.9913227607020161,
    -0.06287843751505734]
  cam_t_m2c: [0.0, 0.0, 901.7680358886719]
  obj_bb: [298, 199, 48, 83]
  obj_id: 1
- cam_R_m2c: [0.9010239587892092, 0.0263242070468232, -0.43296981628189457, 0.23896860449340168,
    -0.8631494395130462, 0.4448224939622435, -0.3620080548196376, -0.5042619172529985,
    -0.7840089840391066]
  cam_t_m2c: [193.85799407958984, -173.51699829101562, 632.8620147705078]
  obj_bb: [466, 10, 89, 124]
  obj_id: 1
- cam_R_m2c: [0.7150272821734456, -0.09731592096486402, 0.6922901106287859, -0.4387661922830552,
    -0.8334101381854877, 0.3360234665601134, 0.5442611636494793, -0.5440194418367849,
    -0.638609922132837]
  cam_t_m2c: [-193.85799407958984, -306.9930076599121, 811.3569641113281]
  obj_bb: [134, -41, 100, 89]
  obj_id: 1
46:
- cam_R_m2c: [0.8674572427877458, 0.0971982682979641, -0.48792461361870176, 0.0033930497999602807,
    -0.9818628592897347, -0.18956216067676074, -0.497500169998099, 0.16278151672491586,
    -0.8520538472799704]
  cam_t_m2c: [0.0, 0.0, 1221.9999694824219]
